 41762096
 41682110
 41682109
 41682108
 41682107
 41682106
 41682105
 41682104
 41682103
 41682102
 41682101
 41682100
 41682099
 41682098
 41682097
 41682096
 41682095
 41682094
 41682093
 41682092
 41682091
 41682090
 41682089
 41682088
 41682087
 41682086
 41682085
 41682084
 41682083
 41682082
 41682081
 41682080
 41682079
 41682078
 41682077
 41682076
 41682075
 41682074
 41682073
 41682072
 41682071
 41682070
 41682069
 41682068
 41682067
 41682066
 41682065
 41682064
 41682063
 41682062
 41682061
 41682060
 41682059
 41682058
 41682057
 41682056
 41682055
 41682054
 41682053
 41682052
 41682051
 41682050
 41682049
 41682048
 41682047
 41682046
 41682045
 41682044
 41682043
 41682042
 41682041
 41682040
 41682039
 41682038
 41682037
 41682036
 41682035
 41682034
 41682033
 41682032
 41682031
 41682030
 41682029
 41682028
 41682027
 41682026
 41682025
 41682024
 41682023
 41682022
 41682021
 41682020
 41682019
 41682018
 41682017
 41682016
 41682014
 41682013
 41682012
 41682011
 41682010
 41682009
 41682008
 41682007
 41682006
 41682005
 41682004
 41682003
 41682002
 41682001
 41682000
 41681999
 41681998
 41681997
 41681996
 41681995
 41681994
 41681993
 41681992
 41681991
 41681990
 41681989
 41681988
 41681987
 41681986
 41681985
 41681984
 41681983
 41681982
 41681981
 41681980
 41681979
 41681978
 41681977
 41681976
 41681975
 41681974
 41681973
 41681972
 41681971
 41681970
 41681969
 41681968
 41681967
 41681966
 41681965
 41681964
 41681963
 41681962
 41681961
 41681960
 41681959
 41681958
 41681957
 41681956
 41681955
 41681954
 41681953
 41681952
 41681951
 41681950
 41681949
 41681948
 41681947
 41681946
 41681945
 41681944
 41681943
 41681942
 41681941
 41681940
 41681939
 41681938
 41681937
 41681936
 41681934
 41681933
 41681932
 41681931
 41681930
 41681929
 41681928
 41681927
 41681926
 41681925
 41681924
 41681923
 41681922
 41681921
 41681920
 41681919
 41681918
 41681917
 41681916
 41681915
 41681914
 41681913
 41681912
 41681911
 41681910
 41681909
 41681908
 41681907
 41681906
 41681905
 41681904
 41681903
 41681902
 41681901
 41681900
 41681899
 41681898
 41681897
 41681896
 41681895
 41681894
 41681892
 41681891
 41681890
 41681889
 41681888
 41681887
 41681886
 41681885
 41681884
 41681883
 41681882
 41681881
 41681880
 41681879
 41681878
 41681877
 41681876
 41681875
 41681874
 41681873
 41681872
 41681871
 41681870
 41681869
 41681868
 41681867
 41681866
 41681865
 41681864
 41681863
 41681862
 41681861
 41681860
 41681859
 41681858
 41681857
 41681856
 41681855
 41681854
 41681853
 41681852
 41681851
 41681850
 41681849
 41681848
 41681847
 41681846
 41681845
 41681844
 41681843
 41681842
 41681841
 41681840
 41681839
 41681838
 41681837
 41681836
 41681835
 41681834
 41681833
 41681832
 41681831
 41681830
 41681829
 41681828
 41681827
 41681826
 41681825
 41681824
 41681823
 41681822
 41681821
 41681820
 41681819
 41681818
 41681817
 41681816
 41681815
 41681814
 41681813
 41681812
 41681811
 41681810
 41681809
 41681808
 41681807
 41681806
 41681805
 41681804
 41681803
 41681802
 41681801
 41681800
 41681799
 41681798
 41681797
 41681796
 41681795
 41681794
 41681793
 41681792
 41681791
 41681790
 41681789
 41681788
 41681787
 41681786
 41681785
 41681784
 41681783
 41681782
 41681781
 41681780
 41681779
 41681778
 41681777
 41681776
 41681775
 41681774
 41681773
 41681772
 41681771
 41681770
 41681769
 41681768
 41681767
 41681766
 41681765
 41681764
 41681763
 41681762
 41681761
 41681760
 41681759
 41681758
 41681757
 41681756
 41681755
 41681754
 41681753
 41681752
 41681751
 41681750
 41681749
 41681748
 41681747
 41681746
 41681745
 41681744
 41681743
 41681742
 41681741
 41681740
 41681739
 41681738
 41681737
 41681736
 41681735
 41681733
 41681732
 41681731
 41681730
 41681729
 41681728
 41681727
 41681726
 41681725
 41681724
 41681723
 41681722
 41681721
 41681720
 41681719
 41681718
 41681717
 41681716
 41681715
 41681714
 41681713
 41681712
 41681711
 41681710
 41681709
 41681708
 41681707
 41681706
 41681705
 41681704
 41681703
 41681702
 41681701
 41681700
 41681699
 41681698
 41681697
 41681696
 41681695
 41681694
 41681693
 41681692
 41681691
 41681690
 41681689
 41681688
 41681687
 41681686
 41681685
 41681684
 41681683
 41681682
 41681681
 41681680
 41681679
 41681678
 41681677
 41681676
 41681675
 41681674
 41681673
 41681672
 41681671
 41681670
 41681669
 41681668
 41681667
 41681666
 41681665
 41681664
 41681663
 41681662
 41681661
 41681660
 41681659
 41681658
 41681657
 41681656
 41681655
 41681654
 41681653
 41681652
 41681651
 41681650
 41681649
 41681648
 41681647
 41681645
 41681644
 41681643
 41681642
 41681641
 41681640
 41681639
 41681638
 41681637
 41681636
 41681635
 41681634
 41681633
 41681632
 41681631
 41681630
 41681629
 41681628
 41681627
 41681626
 41681624
 41681623
 41681622
 41681621
 41681620
 41681619
 41681618
 41681617
 41681616
 41681615
 41681614
 41681613
 41681612
 41681611
 41681610
 41681609
 41681608
 41681607
 41681606
 41681605
 41681604
 41681603
 41681602
 41681601
 41681600
 41681599
 41681598
 41681597
 41681596
 41681595
 41681594
 41681593
 41681592
 41681591
 41681590
 41681589
 41681588
 41681587
 41681586
 41681585
 41681584
 41681583
 41681582
 41681581
 41681580
 41681579
 41681578
 41681577
 41681576
 41681575
 41681574
 41681573
 41681572
 41681571
 41681570
 41681569
 41681568
 41681567
 41681566
 41681564
 41681563
 41681562
 41681561
 41681560
 41681559
 41681558
 41681557
 41681556
 41681555
 41681554
 41681553
 41681552
 41681551
 41681550
 41681549
 41681548
 41681547
 41681546
 41681545
 41681544
 41681543
 41681542
 41681541
 41681540
 41681539
 41681538
 41681537
 41681536
 41681535
 41681534
 41681533
 41681532
 41681531
 41681530
 41681529
 41681528
 41681527
 41681526
 41681525
 41681524
 41681523
 41681522
 41681521
 41681520
 41681519
 41681518
 41681517
 41681516
 41681515
 41681514
 41681513
 41681512
 41681511
 41681510
 41681509
 41681508
 41681507
 41681506
 41681505
 41681504
 41681503
 41681502
 41681501
 41681500
 41681499
 41681498
 41681497
 41681496
 41681495
 41681494
 41681493
 41681492
 41681491
 41681490
 41681489
 41681488
 41681487
 41681486
 41681485
 41681484
 41681483
 41681482
 41681481
 41681480
 41681479
 41681478
 41681477
 41681476
 41681475
 41681474
 41681473
 41681472
 41681471
 41681470
 41681469
 41681468
 41681467
 41681466
 41681465
 41681464
 41681463
 41681462
 41681461
 41681460
 41681459
 41681458
 41681457
 41681456
 41681455
 41681454
 41681453
 41681452
 41681451
 41681450
 41681449
 41681448
 41681447
 41681446
 41681445
 41681444
 41681443
 41681442
 41681441
 41681440
 41681439
 41681438
 41681437
 41681436
 41681435
 41681434
 41681433
 41681432
 41681431
 41681430
 41681429
 41681428
 41681427
 41681426
 41681425
 41681424
 41681423
 41681422
 41681421
 41681420
 41681419
 41681418
 41681417
 41681416
 41681415
 41681414
 41681413
 41681412
 41681411
 41681410
 41681409
 41681408
 41681407
 41681406
 41681405
 41681404
 41681403
 41681402
 41681401
 41681400
 41681399
 41681398
 41681397
 41681396
 41681395
 41681394
 41681393
 41681392
 41681391
 41681390
 41681389
 41681388
 41681387
 41681386
 41681385
 41681384
 41681383
 41681382
 41681381
 41681380
 41681379
 41681378
 41681377
 41681376
 41681375
 41681374
 41681373
 41681372
 41681371
 41681370
 41681369
 41681368
 41681367
 41681366
 41681365
 41681364
 41681363
 41681362
 41681361
 41681360
 41681359
 41681358
 41681357
 41681356
 41681355
 41681354
 41681353
 41681352
 41681351
 41681350
 41681349
 41681348
 41681347
 41681346
 41681345
 41681344
 41681343
 41681342
 41681341
 41681340
 41681339
 41681338
 41681337
 41681336
 41681335
 41681334
 41681333
 41681332
 41681331
 41681330
 41681329
 41681328
 41681327
 41681326
 41681325
 41681324
 41681323
 41681322
 41681321
 41681320
 41681319
 41681318
 41681317
 41681316
 41681315
 41681314
 41681313
 41681312
 41681311
 41681310
 41681309
 41681308
 41681307
 41681306
 41681305
 41681304
 41681303
 41681302
 41681301
 41681300
 41681299
 41681298
 41681297
 41681296
 41681295
 41681294
 41681293
 41681292
 41681291
 41681290
 41681289
 41681288
 41681287
 41681286
 41681285
 41681284
 41681283
 41681282
 41681281
 41681280
 41681279
 41681278
 41681277
 41681276
 41681275
 41681274
 41681272
 41681271
 41681270
 41681269
 41681268
 41681267
 41681266
 41681265
 41681264
 41681263
 41681262
 41681261
 41681260
 41681259
 41681258
 41681257
 41681256
 41681255
 41681254
 41681253
 41681252
 41681251
 41681250
 41681249
 41681248
 41681247
 41681246
 41681245
 41681244
 41681243
 41681242
 41681241
 41681240
 41681239
 41681238
 41681237
 41681236
 41681235
 41681234
 41681233
 41681232
 41681231
 41681230
 41681229
 41681228
 41681227
 41681226
 41681225
 41681224
 41681223
 41681222
 41681221
 41681220
 41681219
 41681218
 41681217
 41681216
 41681215
 41681214
 41681213
 41681212
 41681211
 41681210
 41681209
 41681208
 41681206
 41681205
 41681204
 41681203
 41681202
 41681201
 41681200
 41681199
 41681198
 41681197
 41681196
 41681195
 41681194
 41681193
 41681192
 41681191
 41681190
 41681189
 41681188
 41681187
 41681186
 41681185
 41681184
 41681183
 41681182
 41681180
 41681179
 41681178
 41681177
 41681176
 41681175
 41681174
 41681173
 41681172
 41681171
 41681170
 41681169
 41681168
 41681166
 41681165
 41681164
 41681163
 41681162
 41681161
 41681160
 41681159
 41681158
 41681157
 41681156
 41681155
 41681154
 41681153
 41681152
 41681151
 41681150
 41681149
 41681148
 41681147
 41681146
 41681145
 41681144
 41681143
 41681142
 41681141
 41681140
 41681139
 41681138
 41681137
 41681136
 41681135
 41681134
 41681133
 41681132
 41681130
 41681129
 41681128
 41681127
 41681126
 41681125
 41681124
 41681123
 41681122
 41681121
 41681120
 41681119
 41681118
 41681117
 41681116
 41681115
 41681114
 41681113
 41681112
 41681111
 41681110
 41681109
 41681108
 41681107
 41681106
 41681105
 41681104
 41681103
 41681102
 41681101
 41681100
 41681099
 41681098
 41681097
 41681096
 41681095
 41681093
 41681092
 41681091
 41681090
 41681089
 41681088
 41681087
 41681086
 41681085
 41681084
 41681083
 41681082
 41681081
 41681080
 41681079
 41681078
 41681077
 41681076
 41681075
 41681074
 41681073
 41681072
 41681071
 41681070
 41681069
 41681068
 41681067
 41681066
 41681065
 41681064
 41681063
 41681062
 41681061
 41681060
 41681059
 41681058
 41681057
 41681056
 41681055
 41681054
 41681053
 41681051
 41681050
 41681049
 41681048
 41681047
 41681046
 41681045
 41681044
 41681043
 41681042
 41681041
 41681040
 41681039
 41681038
 41681037
 41681036
 41681035
 41681034
 41681033
 41681032
 41681031
 41681030
 41681029
 41681028
 41681027
 41681026
 41681025
 41681024
 41681023
 41681022
 41681021
 41681020
 41681019
 41681018
 41681017
 41681016
 41681015
 41681014
 41681013
 41681012
 41681011
 41681010
 41681008
 41681007
 41681006
 41681005
 41681004
 41681003
 41681002
 41681001
 41681000
 41680999
 41680998
 41680997
 41680996
 41680995
 41680994
 41680993
 41680992
 41680991
 41680990
 41680989
 41680988
 41680987
 41680986
 41680985
 41680984
 41680983
 41680982
 41680981
 41680980
 41680979
 41680978
 41680977
 41680976
 41680975
 41680974
 41680973
 41680972
 41680971
 41680970
 41680968
 41680967
 41680966
 41680965
 41680963
 41680962
 41680961
 41680960
 41680959
 41680958
 41680954
 41680953
 41680952
 41680951
 41680950
 41680949
 41680947
 41680946
 41680945
 41680944
 41680943
 41680942
 41680941
 41680940
 41680939
 41680938
 41680937
 41680936
 41680935
 41680934
 41680933
 41680932
 41680931
 41680930
 41680929
 41680928
 41680927
 41680926
 41680925
 41680924
 41680923
 41680922
 41680921
 41680920
 41680919
 41680918
 41680917
 41680916
 41680915
 41680914
 41680913
 41680912
 41680910
 41680909
 41680908
 41680907
 41680906
 41680905
 41680904
 41680903
 41680902
 41680901
 41680900
 41680898
 41680897
 41680896
 41680895
 41680894
 41680893
 41680892
 41680891
 41680890
 41680889
 41680888
 41680887
 41680886
 41680885
 41680884
 41680883
 41680882
 41680881
 41680880
 41680879
 41680878
 41680877
 41680876
 41680875
 41680874
 41680872
 41680871
 41680870
 41680869
 41680868
 41680867
 41680866
 41680865
 41680864
 41680863
 41680862
 41680861
 41680860
 41680859
 41680858
 41680857
 41680856
 41680855
 41680854
 41680853
 41680852
 41680851
 41680850
 41680849
 41680848
 41680847
 41680846
 41680845
 41680844
 41680843
 41680842
 41680841
 41680840
 41680839
 41680838
 41680837
 41680836
 41680835
 41680834
 41680833
 41680832
 41680830
 41680829
 41680828
 41680827
 41680826
 41680825
 41680824
 41680823
 41680822
 41680821
 41680820
 41680819
 41680818
 41680817
 41680816
 41680815
 41680814
 41680813
 41680812
 41680811
 41680810
 41680809
 41680808
 41680807
 41680806
 41680805
 41680804
 41680803
 41680802
 41680801
 41680800
 41680799
 41680798
 41680797
 41680796
 41680795
 41680794
 41680792
 41680791
 41680790
 41680789
 41680788
 41680787
 41680786
 41680784
 41680783
 41680782
 41680781
 41680780
 41680779
 41680778
 41680777
 41680776
 41680775
 41680774
 41680773
 41680772
 41680771
 41680770
 41680769
 41680768
 41680767
 41680766
 41680765
 41680764
 41680763
 41680762
 41680761
 41680760
 41680759
 41680758
 41680757
 41680756
 41680755
 41680754
 41680753
 41680752
 41680751
 41680750
 41680749
 41680748
 41680747
 41680746
 41680745
 41680744
 41680743
 41680742
 41680741
 41680740
 41680739
 41680738
 41680737
 41680735
 41680734
 41680733
 41680732
 41680731
 41680730
 41680729
 41680728
 41680727
 41680726
 41680725
 41680724
 41680723
 41680722
 41680721
 41680720
 41680719
 41680718
 41680717
 41680716
 41680715
 41680714
 41680713
 41680712
 41680711
 41680710
 41680709
 41680708
 41680707
 41680706
 41680705
 41680704
 41680703
 41680702
 41680701
 41680700
 41680699
 41680698
 41680697
 41680696
 41680695
 41680694
 41680693
 41680692
 41680691
 41680690
 41680689
 41680688
 41680686
 41680685
 41680684
 41680683
 41680682
 41680681
 41680680
 41680679
 41680678
 41680677
 41680676
 41680675
 41680674
 41680673
 41680672
 41680671
 41680670
 41680668
 41680667
 41680666
 41680665
 41680664
 41680663
 41680662
 41680661
 41680660
 41680659
 41680658
 41680657
 41680656
 41680655
 41680654
 41680653
 41680652
 41680651
 41680650
 41680649
 41680647
 41680646
 41680645
 41680644
 41680643
 41680642
 41680641
 41680640
 41680639
 41680638
 41680637
 41680636
 41680635
 41680634
 41680633
 41680632
 41680631
 41680630
 41680629
 41680628
 41680627
 41680626
 41680625
 41680624
 41680623
 41680622
 41680621
 41680620
 41680619
 41680618
 41680617
 41680616
 41680615
 41680614
 41680613
 41680612
 41680611
 41680610
 41680609
 41680608
 41680607
 41680606
 41680605
 41680604
 41680603
 41680602
 41680601
 41680600
 41680599
 41680598
 41680596
 41680595
 41680594
 41680593
 41680592
 41680591
 41680590
 41680589
 41680588
 41680587
 41680586
 41680585
 41680584
 41680583
 41680582
 41680581
 41680580
 41680579
 41680578
 41680577
 41680576
 41680575
 41680574
 41680573
 41680572
 41680571
 41680570
 41680569
 41680568
 41680567
 41680566
 41680565
 41680564
 41680563
 41680562
 41680561
 41680560
 41680559
 41680558
 41680557
 41680556
 41680555
 41680554
 41680553
 41680552
 41680551
 41680550
 41680549
 41680548
 41680547
 41680546
 41680545
 41680544
 41680543
 41680542
 41680541
 41680540
 41680539
 41680538
 41680537
 41680536
 41680535
 41680534
 41680533
 41680532
 41680531
 41680530
 41680529
 41680528
 41680527
 41680526
 41680525
 41680524
 41680523
 41680522
 41680521
 41680520
 41680519
 41680518
 41680517
 41680516
 41680515
 41680514
 41680513
 41680512
 41680511
 41680510
 41680509
 41680508
 41680507
 41680506
 41680505
 41680504
 41680503
 41680502
 41680501
 41680500
 41680499
 41680498
 41680497
 41680496
 41680495
 41680493
 41680492
 41680491
 41680490
 41680489
 41680488
 41680487
 41680486
 41680484
 41680483
 41680482
 41680481
 41680480
 41680479
 41680478
 41680477
 41680476
 41680475
 41680474
 41680473
 41680472
 41680471
 41680470
 41680469
 41680468
 41680467
 41680466
 41680465
 41680464
 41680463
 41680462
 41680461
 41680460
 41680459
 41680458
 41680457
 41680456
 41680455
 41680454
 41680453
 41680452
 41680451
 41680450
 41680449
 41680448
 41680447
 41680446
 41680445
 41680444
 41680443
 41680442
 41680441
 41680440
 41680439
 41680438
 41680437
 41680436
 41680435
 41680434
 41680433
 41680432
 41680431
 41680430
 41680429
 41680428
 41680427
 41680426
 41680425
 41680424
 41680423
 41680422
 41680421
 41680420
 41680419
 41680418
 41680417
 41680416
 41680415
 41680414
 41680413
 41680412
 41680411
 41680410
 41680409
 41680408
 41680407
 41680406
 41680403
 41680402
 41680401
 41680400
 41680399
 41680398
 41680397
 41680396
 41680395
 41680394
 41680393
 41680392
 41680391
 41680389
 41680388
 41680387
 41680386
 41680385
 41680384
 41680382
 41680381
 41680380
 41680379
 41680378
 41680377
 41680376
 41680375
 41680374
 41680373
 41680372
 41680371
 41680370
 41680368
 41680367
 41680366
 41680365
 41680364
 41680363
 41680362
 41680361
 41680360
 41680359
 41680358
 41680357
 41680355
 41680352
 41680351
 41680350
 41680349
 41680348
 41680347
 41680346
 41680345
 41680344
 41680343
 41680342
 41680341
 41680340
 41680339
 41680338
 41680337
 41680336
 41680335
 41680334
 41680333
 41680332
 41680331
 41680330
 41680329
 41680328
 41680327
 41680326
 41680325
 41680324
 41680323
 41680321
 41680320
 41680319
 41680318
 41680317
 41680316
 41680315
 41680314
 41680313
 41680312
 41680311
 41680309
 41680308
 41680307
 41680306
 41680305
 41680304
 41680303
 41680302
 41680301
 41680300
 41680299
 41680298
 41680297
 41680296
 41680295
 41680294
 41680293
 41680292
 41680291
 41680290
 41680289
 41680288
 41680287
 41680286
 41680285
 41680284
 41680283
 41680282
 41680281
 41680280
 41680279
 41680278
 41680277
 41680276
 41680275
 41680274
 41680273
 41680272
 41680271
 41680270
 41680269
 41680268
 41680267
 41680266
 41680265
 41680264
 41680263
 41680262
 41680261
 41680260
 41680259
 41680258
 41680257
 41680256
 41680255
 41680253
 41680252
 41680251
 41680250
 41680249
 41680248
 41680247
 41680246
 41680245
 41680244
 41680243
 41680242
 41680241
 41680240
 41680239
 41680238
 41680237
 41680236
 41680235
 41680234
 41680232
 41680231
 41680230
 41680229
 41680228
 41680227
 41680226
 41680225
 41680224
 41680223
 41680222
 41680221
 41680219
 41680218
 41680217
 41680216
 41680215
 41680213
 41680212
 41680210
 41680209
 41680208
 41680207
 41680206
 41680205
 41680204
 41680203
 41680202
 41680201
 41680200
 41680199
 41680198
 41680197
 41680195
 41680194
 41680193
 41680192
 41680191
 41680190
 41680189
 41680188
 41680187
 41680185
 41680184
 41680183
 41680182
 41680181
 41680180
 41680179
 41680178
 41680177
 41680176
 41680174
 41680173
 41680172
 41680171
 41680170
 41680169
 41680168
 41680166
 41680165
 41680164
 41680163
 41680162
 41680161
 41680160
 41680159
 41680158
 41680157
 41680156
 41680155
 41680154
 41680153
 41680152
 41680151
 41680150
 41680149
 41680148
 41680147
 41680146
 41680145
 41680144
 41680143
 41680142
 41680141
 41680140
 41680139
 41680138
 41680137
 41680136
 41680135
 41680134
 41680132
 41680131
 41680130
 41680129
 41680128
 41680127
 41680126
 41680125
 41680124
 41680123
 41680122
 41680121
 41680120
 41680119
 41680118
 41680117
 41680116
 41680115
 41680114
 41680112
 41680111
 41680110
 41680109
 41680108
 41680107
 41680106
 41680105
 41680104
 41680103
 41680102
 41680101
 41680100
 41680099
 41680098
 41680097
 41680096
 41680095
 41680094
 41680093
 41680092
 41680091
 41680090
 41680088
 41680087
 41680086
 41680085
 41680084
 41680081
 41680080
 41680079
 41680078
 41680077
 41680076
 41680075
 41680074
 41680073
 41680072
 41680071
 41680070
 41680069
 41680068
 41680067
 41680066
 41680065
 41680064
 41680063
 41680062
 41680061
 41680060
 41680059
 41680058
 41680057
 41680056
 41680055
 41680054
 41680053
 41680052
 41680051
 41680050
 41680049
 41680048
 41680047
 41680046
 41680045
 41680044
 41680043
 41680042
 41680041
 41680040
 41680039
 41680038
 41680037
 41680036
 41680035
 41680034
 41680033
 41680032
 41680031
 41680029
 41680028
 41680027
 41680026
 41680025
 41680024
 41680023
 41680022
 41680021
 41680020
 41680019
 41680018
 41680017
 41680016
 41680015
 41680014
 41680013
 41680012
 41680011
 41680010
 41680009
 41680008
 41680007
 41680006
 41680005
 41680004
 41680003
 41680002
 41680001
 41680000
 41679999
 41679998
 41679997
 41679996
 41679995
 41679994
 41679993
 41679992
 41679991
 41679990
 41679989
 41679988
 41679987
 41679986
 41679985
 41679984
 41679983
 41679982
 41679981
 41679980
 41679979
 41679978
 41679977
 41679976
 41679975
 41679974
 41679973
 41679972
 41679971
 41679970
 41679969
 41679968
 41679967
 41679966
 41679965
 41679964
 41679963
 41679962
 41679961
 41679959
 41679958
 41679957
 41679956
 41679955
 41679954
 41679953
 41679952
 41679951
 41679950
 41679949
 41679948
 41679947
 41679946
 41679945
 41679942
 41679941
 41679940
 41679939
 41679938
 41679937
 41679936
 41679935
 41679934
 41679933
 41679932
 41679931
 41679930
 41679929
 41679928
 41679927
 41679926
 41679925
 41679924
 41679923
 41679921
 41679920
 41679919
 41679918
 41679917
 41679916
 41679915
 41679914
 41679913
 41679912
 41679911
 41679910
 41679909
 41679908
 41679907
 41679906
 41679905
 41679904
 41679903
 41679902
 41679901
 41679900
 41679899
 41679898
 41679897
 41679896
 41679895
 41679894
 41679893
 41679892
 41679891
 41679890
 41679889
 41679888
 41679887
 41679886
 41679885
 41679884
 41679883
 41679882
 41679881
 41679880
 41679879
 41679878
 41679876
 41679875
 41679874
 41679873
 41679872
 41679871
 41679870
 41679869
 41679868
 41679867
 41679866
 41679865
 41679864
 41679862
 41679861
 41679860
 41679859
 41679858
 41679857
 41679856
 41679855
 41679854
 41679853
 41679852
 41679851
 41679850
 41679849
 41679848
 41679847
 41679846
 41679845
 41679844
 41679843
 41679842
 41679841
 41679840
 41679839
 41679838
 41679837
 41679836
 41679834
 41679833
 41679832
 41679830
 41679829
 41679828
 41679827
 41679826
 41679825
 41679823
 41679821
 41679820
 41679819
 41679818
 41679817
 41679816
 41679815
 41679813
 41679812
 41679811
 41679810
 41679809
 41679808
 41679807
 41679806
 41679805
 41679804
 41679803
 41679802
 41679801
 41679800
 41679799
 41679798
 41679797
 41679796
 41679795
 41679794
 41679793
 41679792
 41679791
 41679790
 41679788
 41679787
 41679786
 41679785
 41679784
 41679783
 41679781
 41679780
 41679779
 41679777
 41679776
 41679775
 41679774
 41679773
 41679772
 41679771
 41679770
 41679769
 41679768
 41679767
 41679766
 41679765
 41679764
 41679763
 41679762
 41679761
 41679760
 41679759
 41679758
 41679757
 41679756
 41679755
 41679754
 41679753
 41679752
 41679751
 41679750
 41679749
 41679748
 41679747
 41679746
 41679745
 41679744
 41679743
 41679742
 41679741
 41679740
 41679739
 41679738
 41679737
 41679736
 41679735
 41679734
 41679733
 41679732
 41679731
 41679730
 41679729
 41679728
 41679727
 41679726
 41679725
 41679723
 41679722
 41679721
 41679720
 41679719
 41679718
 41679717
 41679716
 41679715
 41679714
 41679713
 41679712
 41679711
 41679709
 41679708
 41679707
 41679706
 41679705
 41679704
 41679702
 41679701
 41679700
 41679699
 41679698
 41679697
 41679696
 41679694
 41679693
 41679692
 41679691
 41679690
 41679688
 41679687
 41679686
 41679685
 41679684
 41679683
 41679682
 41679681
 41679680
 41679679
 41679678
 41679676
 41679674
 41679673
 41679672
 41679671
 41679670
 41679669
 41679668
 41679667
 41679666
 41679665
 41679664
 41679663
 41679662
 41679661
 41679660
 41679659
 41679658
 41679657
 41679656
 41679655
 41679654
 41679653
 41679652
 41679651
 41679650
 41679649
 41679648
 41679647
 41679646
 41679645
 41679644
 41679643
 41679642
 41679640
 41679638
 41679637
 41679636
 41679635
 41679633
 41679632
 41679630
 41679629
 41679628
 41679627
 41679626
 41679625
 41679623
 41679622
 41679621
 41679620
 41679619
 41679618
 41679617
 41679616
 41679615
 41679614
 41679613
 41679612
 41679611
 41679610
 41679609
 41679608
 41679607
 41679606
 41679605
 41679604
 41679603
 41679602
 41679601
 41679598
 41679597
 41679596
 41679595
 41679594
 41679593
 41679592
 41679590
 41679589
 41679588
 41679587
 41679586
 41679585
 41679583
 41679582
 41679580
 41679579
 41679578
 41679577
 41679575
 41679574
 41679573
 41679572
 41679571
 41679570
 41679569
 41679568
 41679567
 41679566
 41679565
 41679564
 41679563
 41679562
 41679561
 41679560
 41679559
 41679558
 41679557
 41679556
 41679555
 41679554
 41679553
 41679552
 41679551
 41679549
 41679548
 41679547
 41679546
 41679545
 41679544
 41679543
 41679542
 41679540
 41679539
 41679538
 41679537
 41679536
 41679534
 41679533
 41679532
 41679531
 41679530
 41679529
 41679528
 41679526
 41679525
 41679524
 41679523
 41679522
 41679521
 41679520
 41679519
 41679518
 41679516
 41679515
 41679514
 41679513
 41679512
 41679511
 41679510
 41679508
 41679507
 41679506
 41679505
 41679504
 41679503
 41679502
 41679500
 41679497
 41679496
 41679495
 41679493
 41679491
 41679490
 41679488
 41679479
 41679478
 41679477
 41679476
 41679475
 41679474
 41679473
 41679472
 41679471
 41679470
 41679469
 41679468
 41679467
 41679466
 41679465
 41679464
 41679463
 41679462
 41679461
 41679460
 41679459
 41679458
 41679457
 41679456
 41679455
 41679454
 41679453
 41679452
 41679451
 41679450
 41679449
 41679448
 41679447
 41679446
 41679445
 41679444
 41679443
 41679442
 41679441
 41679440
 41679439
 41679438
 41679437
 41679436
 41679435
 41679434
 41679433
 41679432
 41679431
 41679430
 41679429
 41679428
 41679427
 41679426
 41679425
 41679424
 41679423
 41679422
 41679421
 41679420
 41679419
 41679418
 41679417
 41679416
 41679415
 41679414
 41679413
 41679412
 41679411
 41679410
 41679409
 41679408
 41679407
 41679406
 41679405
 41679404
 41679403
 41679402
 41679401
 41679400
 41679399
 41679398
 41679397
 41679396
 41679395
 41679394
 41679393
 41679392
 41679391
 41679390
 41679389
 41679388
 41679387
 41679386
 41679385
 41679384
 41679383
 41679382
 41679381
 41679380
 41679379
 41679378
 41679377
 41679376
 41679375
 41679374
 41679373
 41679372
 41679371
 41679370
 41679369
 41679368
 41679367
 41679366
 41679365
 41679364
 41679363
 41679362
 41679361
 41679360
 41679359
 41679358
 41679357
 41679356
 41679355
 41679354
 41679353
 41679352
 41679351
 41679350
 41679349
 41679348
 41679347
 41679346
 41679345
 41679344
 41679343
 41679342
 41679341
 41679340
 41679339
 41679338
 41679337
 41679336
 41679335
 41679334
 41679333
 41679332
 41679331
 41679330
 41679329
 41679328
 41679327
 41679326
 41679325
 41679324
 41679323
 41679322
 41679321
 41679320
 41679319
 41679318
 41679317
 41679316
 41679315
 41679314
 41679313
 41679312
 41679311
 41679310
 41679309
 41679308
 41679307
 41679306
 41679305
 41679304
 41679303
 41679302
 41679301
 41679300
 41679299
 41679298
 41679297
 41679296
 41679295
 41679294
 41679293
 41679292
 41679291
 41679290
 41679289
 41679288
 41679287
 41679286
 41679285
 41679284
 41679283
 41679282
 41679281
 41679280
 41679279
 41679278
 41679277
 41679276
 41679275
 41679274
 41679273
 41679271
 41679270
 41679269
 41679268
 41679267
 41679266
 41679265
 41679264
 41679263
 41679262
 41679261
 41679260
 41679259
 41679258
 41679257
 41679256
 41679255
 41679254
 41679253
 41679252
 41679251
 41679250
 41679249
 41679248
 41679247
 41679246
 41679245
 41679244
 41679243
 41679242
 41679241
 41679240
 41679239
 41679238
 41679237
 41679236
 41679235
 41679234
 41679233
 41679232
 41679231
 41679230
 41679229
 41679228
 41679227
 41679226
 41679225
 41679224
 41679223
 41679222
 41679221
 41679220
 41679219
 41679218
 41679217
 41679216
 41679215
 41679214
 41679213
 41679212
 41679211
 41679210
 41679209
 41679208
 41679207
 41679206
 41679205
 41679204
 41679203
 41679202
 41679201
 41679200
 41679199
 41679198
 41679197
 41679196
 41679195
 41679194
 41679193
 41679192
 41679191
 41679190
 41679189
 41679188
 41679187
 41679186
 41679185
 41679184
 41679183
 41679182
 41679181
 41679180
 41679179
 41679178
 41679177
 41679176
 41679175
 41679174
 41679173
 41679172
 41679171
 41679170
 41679169
 41679168
 41679167
 41679166
 41679165
 41679164
 41679163
 41679162
 41679161
 41679160
 41679159
 41679158
 41679157
 41679156
 41679155
 41679154
 41679153
 41679152
 41679151
 41679150
 41679149
 41679148
 41679147
 41679146
 41679145
 41679144
 41679143
 41679142
 41679141
 41679140
 41679139
 41679138
 41679137
 41679135
 41679134
 41679133
 41679132
 41679131
 41679130
 41679129
 41678906
 41678905
 41678904
 41678903
 41678902
 41678901
 41678900
 41678899
 41678898
 41678897
 41678896
 41678895
 41678894
 41678893
 41678892
 41678891
 41678890
 41678889
 41678888
 41678887
 41678886
 41678884
 41678883
 41678882
 41678881
 41678880
 41678879
 41678878
 41678877
 41678876
 41678875
 41678874
 41678873
 41678872
 41678871
 41678870
 41678869
 41678868
 41678867
 41678866
 41678865
 41678864
 41678863
 41678862
 41678861
 41678860
 41678859
 41678858
 41678857
 41678856
 41678855
 41678854
 41678853
 41678852
 41678851
 41678850
 41678849
 41678848
 41678847
 41678846
 41678845
 41678844
 41678843
 41678842
 41678841
 41678840
 41678839
 41678838
 41678837
 41678836
 41678835
 41678834
 41678833
 41678832
 41678831
 41678830
 41678829
 41678828
 41678827
 41678826
 41678825
 41678824
 41678823
 41678822
 41678821
 41678820
 41678819
 41678818
 41678817
 41678816
 41678815
 41678814
 41678813
 41678812
 41678811
 41678810
 41678809
 41678808
 41678807
 41678806
 41678805
 41678804
 41678803
 41678802
 41678801
 41678800
 41678799
 41678798
 41678797
 41678796
 41678795
 41678794
 41678793
 41678792
 41678791
 41678790
 41678789
 41678788
 41678787
 41678786
 41678785
 41678784
 41678783
 41678782
 41678781
 41678780
 41678779
 41678778
 41678777
 41678776
 41678775
 41678774
 41678773
 41678772
 41678771
 41678770
 41678769
 41678768
 41678767
 41678766
 41678765
 41678764
 41678763
 41678762
 41678761
 41678760
 41678759
 41678758
 41678757
 41678756
 41678755
 41678754
 41678752
 41678751
 41678750
 41678749
 41678748
 41678747
 41678746
 41678745
 41678744
 41678743
 41678742
 41678741
 41678740
 41678739
 41678738
 41678737
 41678736
 41678735
 41678734
 41678733
 41678732
 41678731
 41678730
 41678729
 41678728
 41678727
 41678726
 41678725
 41678724
 41678723
 41678722
 41678721
 41678720
 41678719
 41678718
 41678716
 41678715
 41678714
 41678713
 41678712
 41678711
 41678710
 41678709
 41678708
 41678707
 41678706
 41678705
 41678704
 41678703
 41678702
 41678701
 41678700
 41678699
 41678698
 41678697
 41678696
 41678695
 41678694
 41678693
 41678692
 41678691
 41678690
 41678689
 41678688
 41678687
 41678686
 41678685
 41678684
 41678683
 41678682
 41678681
 41678680
 41678679
 41678678
 41678677
 41678675
 41678674
 41678673
 41678672
 41678671
 41678670
 41678668
 41678667
 41678666
 41678665
 41678664
 41678663
 41678662
 41678661
 41678660
 41678658
 41678657
 41678656
 41678655
 41678654
 41678653
 41678652
 41678651
 41678650
 41678649
 41678648
 41678647
 41678646
 41678645
 41678644
 41678642
 41678641
 41678640
 41678639
 41678638
 41678637
 41678636
 41678635
 41678634
 41678633
 41678632
 41678631
 41678630
 41678629
 41678628
 41678627
 41678626
 41678625
 41678623
 41678622
 41678621
 41678620
 41678619
 41678618
 41678617
 41678616
 41678615
 41678614
 41678613
 41678612
 41678611
 41678610
 41678609
 41678608
 41678607
 41678606
 41678605
 41678604
 41678603
 41678602
 41678601
 41678600
 41678599
 41678598
 41678597
 41678596
 41678595
 41678594
 41678593
 41678592
 41678591
 41678590
 41678589
 41678588
 41678587
 41678586
 41678585
 41678584
 41678583
 41678582
 41678581
 41678580
 41678579
 41678578
 41678577
 41678576
 41678575
 41678574
 41678573
 41678572
 41678571
 41678570
 41678569
 41678568
 41678567
 41678566
 41678565
 41678564
 41678563
 41678562
 41678561
 41678560
 41678559
 41678558
 41678557
 41678556
 41678555
 41678554
 41678553
 41678552
 41678551
 41678550
 41678549
 41678548
 41678547
 41678546
 41678545
 41678544
 41678543
 41678542
 41678541
 41678540
 41678539
 41678538
 41678537
 41678536
 41678535
 41678534
 41678533
 41678532
 41678530
 41678529
 41678528
 41678527
 41678526
 41678525
 41678524
 41678523
 41678522
 41678521
 41678520
 41678519
 41678518
 41678517
 41678516
 41678515
 41678514
 41678513
 41678512
 41678511
 41678510
 41678509
 41678508
 41678507
 41678506
 41678505
 41678504
 41678503
 41678502
 41678501
 41678500
 41678499
 41678498
 41678497
 41678496
 41678495
 41678494
 41678493
 41678492
 41678491
 41678490
 41678489
 41678488
 41678487
 41678486
 41678485
 41678484
 41678483
 41678482
 41678481
 41678480
 41678479
 41678478
 41678477
 41678476
 41678475
 41678474
 41678473
 41678472
 41678471
 41678470
 41678469
 41678468
 41678467
 41678465
 41678464
 41678463
 41678462
 41678461
 41678460
 41678459
 41678458
 41678457
 41678456
 41678455
 41678454
 41678453
 41678452
 41678451
 41678450
 41678449
 41678448
 41678447
 41678446
 41678445
 41678444
 41678443
 41678442
 41678441
 41678440
 41678439
 41678438
 41678437
 41678436
 41678435
 41678434
 41678433
 41678432
 41678431
 41678430
 41678429
 41678428
 41678427
 41678426
 41678425
 41678424
 41678423
 41678422
 41678421
 41678420
 41678419
 41678418
 41678417
 41678416
 41678415
 41678414
 41678413
 41678412
 41678411
 41678410
 41678409
 41678408
 41678407
 41678406
 41678405
 41678404
 41678403
 41678402
 41678401
 41678400
 41678399
 41678398
 41678397
 41678396
 41678395
 41678394
 41678393
 41678392
 41678391
 41678390
 41678389
 41678388
 41678387
 41678386
 41678385
 41678384
 41678383
 41678382
 41678381
 41678380
 41678379
 41678378
 41678377
 41678376
 41678375
 41678374
 41678373
 41678372
 41678371
 41678370
 41678369
 41678368
 41678367
 41678366
 41678365
 41678364
 41678363
 41678362
 41678361
 41678360
 41678359
 41678358
 41678357
 41678356
 41678355
 41678354
 41678353
 41678352
 41678351
 41678350
 41678349
 41678348
 41678347
 41678346
 41678345
 41678344
 41678343
 41678342
 41678341
 41678340
 41678339
 41678338
 41678337
 41678336
 41678335
 41678334
 41678333
 41678332
 41678331
 41678330
 41678329
 41678328
 41678327
 41678326
 41678325
 41678323
 41678322
 41678321
 41678320
 41678319
 41678318
 41678317
 41678316
 41678315
 41678314
 41678313
 41678312
 41678311
 41678310
 41678307
 41678306
 41678305
 41678304
 41678303
 41678302
 41678301
 41678300
 41678299
 41678298
 41678297
 41678296
 41678295
 41678294
 41678293
 41678292
 41678291
 41678290
 41678289
 41678288
 41678287
 41678286
 41678285
 41678284
 41678283
 41678282
 41678281
 41678280
 41678279
 41678278
 41678276
 41678275
 41678274
 41678273
 41678272
 41678271
 41678270
 41678269
 41678268
 41678267
 41678266
 41678265
 41678264
 41678263
 41678262
 41678261
 41678260
 41678259
 41678258
 41678257
 41678256
 41678255
 41678254
 41678253
 41678252
 41678251
 41678250
 41678249
 41678248
 41678247
 41678246
 41678245
 41678244
 41678243
 41678242
 41678241
 41678240
 41678239
 41678238
 41678237
 41678236
 41678235
 41678234
 41678233
 41678232
 41678231
 41678230
 41678229
 41678228
 41678227
 41678226
 41678225
 41678224
 41678223
 41678222
 41678221
 41678220
 41678219
 41678218
 41678217
 41678216
 41678215
 41678214
 41678213
 41678212
 41678211
 41678210
 41678209
 41678208
 41678207
 41678206
 41678205
 41678204
 41678203
 41678202
 41678201
 41678200
 41678199
 41678198
 41678197
 41678196
 41678195
 41678194
 41678193
 41678192
 41678191
 41678190
 41678189
 41678188
 41678187
 41678186
 41678185
 41678184
 41678183
 41678182
 41678181
 41678180
 41678179
 41678178
 41678177
 41678176
 41678175
 41678174
 41678173
 41678172
 41678171
 41678170
 41678169
 41678168
 41678167
 41678166
 41678165
 41678164
 41678163
 41678162
 41678161
 41678160
 41678159
 41678158
 41678157
 41678156
 41678155
 41678154
 41678153
 41678152
 41678151
 41678150
 41678149
 41678148
 41678147
 41678146
 41678145
 41678144
 41678143
 41678142
 41678141
 41678140
 41678139
 41678138
 41678137
 41678136
 41678135
 41678134
 41678133
 41678132
 41678131
 41678130
 41678129
 41678128
 41678127
 41678126
 41678125
 41678124
 41678123
 41678122
 41678121
 41678120
 41678119
 41678118
 41678117
 41678116
 41678115
 41678114
 41678113
 41678112
 41678111
 41678110
 41678109
 41678108
 41678107
 41678106
 41678105
 41678104
 41678103
 41678102
 41678101
 41678100
 41678099
 41678098
 41678097
 41678096
 41678095
 41678094
 41678093
 41678092
 41678091
 41678090
 41678088
 41678087
 41678086
 41678085
 41678084
 41678083
 41678082
 41678081
 41678080
 41678079
 41678078
 41678077
 41678076
 41678075
 41678074
 41678073
 41678072
 41678071
 41678070
 41678069
 41678068
 41678067
 41678066
 41678065
 41678064
 41678063
 41678062
 41678061
 41678060
 41678059
 41678058
 41678057
 41678056
 41678055
 41678054
 41678053
 41678052
 41678051
 41678050
 41678049
 41678048
 41678047
 41678046
 41678045
 41678044
 41678043
 41678042
 41678041
 41678040
 41678038
 41678037
 41678036
 41678035
 41678034
 41678033
 41678032
 41678031
 41678030
 41678029
 41678028
 41678027
 41678026
 41678025
 41678024
 41678023
 41678022
 41678021
 41678020
 41678019
 41678016
 41678015
 41678014
 41678013
 41678012
 41678011
 41678010
 41678009
 41678008
 41678007
 41678006
 41678005
 41678004
 41678003
 41678002
 41678001
 41678000
 41677999
 41677998
 41677997
 41677996
 41677995
 41677994
 41677993
 41677992
 41677991
 41677990
 41677989
 41677988
 41677987
 41677986
 41677985
 41677984
 41677983
 41677982
 41677981
 41677980
 41677979
 41677978
 41677977
 41677976
 41677975
 41677974
 41677973
 41677972
 41677971
 41677970
 41677969
 41677968
 41677967
 41677966
 41677965
 41677964
 41677963
 41677961
 41677960
 41677959
 41677958
 41677957
 41677956
 41677955
 41677954
 41677953
 41677952
 41677951
 41677950
 41677949
 41677948
 41677947
 41677946
 41677945
 41677944
 41677943
 41677942
 41677941
 41677940
 41677939
 41677938
 41677937
 41677936
 41677935
 41677934
 41677933
 41677932
 41677931
 41677929
 41677928
 41677927
 41677926
 41677925
 41677924
 41677923
 41677922
 41677921
 41677920
 41677919
 41677918
 41677917
 41677916
 41677915
 41677914
 41677913
 41677912
 41677911
 41677910
 41677909
 41677908
 41677907
 41677906
 41677905
 41677903
 41677902
 41677901
 41677900
 41677899
 41677898
 41677897
 41677896
 41677895
 41677894
 41677893
 41677892
 41677891
 41677890
 41677889
 41677888
 41677887
 41677886
 41677885
 41677884
 41677883
 41677882
 41677881
 41677880
 41677879
 41677878
 41677877
 41677876
 41677875
 41677874
 41677873
 41677872
 41677871
 41677870
 41677869
 41677868
 41677867
 41677866
 41677865
 41677864
 41677863
 41677862
 41677861
 41677860
 41677859
 41677858
 41677857
 41677856
 41677855
 41677854
 41677853
 41677852
 41677851
 41677850
 41677849
 41677848
 41677847
 41677846
 41677845
 41677844
 41677843
 41677842
 41677841
 41677840
 41677839
 41677838
 41677837
 41677836
 41677835
 41677834
 41677833
 41677832
 41677831
 41677830
 41677829
 41677828
 41677827
 41677826
 41677825
 41677824
 41677823
 41677822
 41677821
 41677819
 41677818
 41677817
 41677816
 41677815
 41677814
 41677813
 41677812
 41677811
 41677810
 41677809
 41677808
 41677807
 41677806
 41677805
 41677804
 41677803
 41677802
 41677801
 41677800
 41677799
 41677798
 41677797
 41677796
 41677795
 41677794
 41677793
 41677792
 41677791
 41677790
 41677789
 41677788
 41677787
 41677786
 41677785
 41677784
 41677783
 41677782
 41677781
 41677780
 41677779
 41677778
 41677777
 41677776
 41677775
 41677774
 41677773
 41677772
 41677771
 41677770
 41677769
 41677768
 41677767
 41677766
 41677765
 41677764
 41677763
 41677762
 41677761
 41677760
 41677759
 41677758
 41677757
 41677756
 41677755
 41677754
 41677753
 41677752
 41677751
 41677750
 41677749
 41677748
 41677747
 41677746
 41677745
 41677744
 41677743
 41677742
 41677741
 41677740
 41677739
 41677737
 41677736
 41677735
 41677734
 41677733
 41677732
 41677731
 41677730
 41677729
 41677728
 41677727
 41677726
 41677725
 41677724
 41677723
 41677722
 41677721
 41677720
 41677719
 41677718
 41677717
 41677716
 41677715
 41677714
 41677713
 41677712
 41677711
 41677710
 41677709
 41677708
 41677707
 41677706
 41677705
 41677704
 41677703
 41677702
 41677701
 41677700
 41677699
 41677698
 41677697
 41677696
 41677695
 41677694
 41677693
 41677692
 41677691
 41677690
 41677689
 41677688
 41677687
 41677686
 41677685
 41677684
 41677683
 41677682
 41677681
 41677680
 41677679
 41677678
 41677677
 41677676
 41677675
 41677674
 41677673
 41677672
 41677671
 41677670
 41677669
 41677668
 41677665
 41677664
 41677663
 41677662
 41677659
 41677658
 41677657
 41677656
 41677655
 41677654
 41677653
 41677651
 41677650
 41677649
 41677648
 41677647
 41677646
 41677645
 41677644
 41677643
 41677642
 41677641
 41677640
 41677639
 41677637
 41677636
 41677635
 41677634
 41677633
 41677632
 41677631
 41677630
 41677629
 41677628
 41677627
 41677626
 41677625
 41677624
 41677623
 41677622
 41677621
 41677620
 41677619
 41677618
 41677616
 41677615
 41677614
 41677613
 41677612
 41677611
 41677610
 41677609
 41677608
 41677607
 41677606
 41677605
 41677604
 41677603
 41677602
 41677601
 41677600
 41677599
 41677598
 41677597
 41677596
 41677595
 41677594
 41677593
 41677592
 41677591
 41677590
 41677589
 41677588
 41677587
 41677586
 41677585
 41677584
 41677583
 41677582
 41677581
 41677580
 41677579
 41677578
 41677577
 41677575
 41677574
 41677573
 41677572
 41677569
 41677568
 41677567
 41677566
 41677565
 41677564
 41677563
 41677562
 41677561
 41677560
 41677559
 41677558
 41677557
 41677556
 41677555
 41677554
 41677553
 41677552
 41677551
 41677550
 41677549
 41677548
 41677547
 41677546
 41677545
 41677544
 41677543
 41677542
 41677541
 41677540
 41677539
 41677538
 41677537
 41677536
 41677535
 41677534
 41677533
 41677532
 41677531
 41677530
 41677529
 41677528
 41677527
 41677526
 41677525
 41677524
 41677523
 41677522
 41677521
 41677520
 41677519
 41677518
 41677517
 41677516
 41677515
 41677514
 41677513
 41677512
 41677511
 41677510
 41677509
 41677508
 41677507
 41677506
 41677505
 41677504
 41677503
 41677502
 41677501
 41677500
 41677499
 41677498
 41677497
 41677496
 41677495
 41677494
 41677493
 41677492
 41677491
 41677490
 41677489
 41677488
 41677487
 41677486
 41677485
 41677484
 41677483
 41677482
 41677481
 41677480
 41677479
 41677478
 41677477
 41677476
 41677475
 41677474
 41677473
 41677472
 41677471
 41677470
 41677469
 41677468
 41677467
 41677466
 41677465
 41677464
 41677463
 41677462
 41677461
 41677460
 41677459
 41677457
 41677456
 41677455
 41677454
 41677453
 41677452
 41677451
 41677450
 41677449
 41677448
 41677447
 41677446
 41677445
 41677444
 41677443
 41677442
 41677441
 41677440
 41677439
 41677438
 41677437
 41677436
 41677435
 41677434
 41677433
 41677432
 41677431
 41677430
 41677429
 41677428
 41677427
 41677426
 41677425
 41677424
 41677423
 41677422
 41677421
 41677420
 41677419
 41677418
 41677417
 41677416
 41677415
 41677414
 41677413
 41677412
 41677411
 41677410
 41677409
 41677408
 41677407
 41677406
 41677405
 41677404
 41677403
 41677402
 41677401
 41677398
 41677397
 41677396
 41677395
 41677394
 41677393
 41677392
 41677391
 41677390
 41677389
 41677388
 41677387
 41677386
 41677385
 41677384
 41677383
 41677382
 41677381
 41677380
 41677379
 41677378
 41677377
 41677376
 41677375
 41677374
 41677373
 41677372
 41677371
 41677370
 41677369
 41677368
 41677367
 41677366
 41677365
 41677364
 41677363
 41677362
 41677361
 41677360
 41677359
 41677358
 41677357
 41677356
 41677355
 41677354
 41677353
 41677352
 41677351
 41677350
 41677349
 41677348
 41677347
 41677346
 41677345
 41677344
 41677343
 41677342
 41677341
 41677340
 41677339
 41677338
 41677337
 41677336
 41677335
 41677334
 41677333
 41677332
 41677331
 41677330
 41677329
 41677328
 41677327
 41677326
 41677325
 41677324
 41677323
 41677322
 41677321
 41677320
 41677319
 41677318
 41677317
 41677316
 41677315
 41677314
 41677313
 41677312
 41677311
 41677310
 41677309
 41677308
 41677305
 41677304
 41677303
 41677302
 41677301
 41677300
 41677299
 41677297
 41677296
 41677295
 41677294
 41677293
 41677292
 41677291
 41677290
 41677289
 41677288
 41677287
 41677286
 41677285
 41677284
 41677283
 41677282
 41677281
 41677280
 41677279
 41677278
 41677277
 41677276
 41677275
 41677274
 41677273
 41677272
 41677271
 41677270
 41677269
 41677268
 41677267
 41677266
 41677265
 41677264
 41677263
 41677262
 41677261
 41677260
 41677259
 41677258
 41677257
 41677256
 41677255
 41677254
 41677253
 41677252
 41677251
 41677250
 41677249
 41677248
 41677247
 41677246
 41677245
 41677244
 41677243
 41677242
 41677241
 41677240
 41677239
 41677238
 41677237
 41677236
 41677235
 41677234
 41677233
 41677232
 41677231
 41677230
 41677229
 41677228
 41677227
 41677226
 41677225
 41677224
 41677223
 41677222
 41677221
 41677220
 41677219
 41677218
 41677216
 41677215
 41677214
 41677213
 41677212
 41677211
 41677210
 41677207
 41677206
 41677205
 41677204
 41677203
 41677202
 41677201
 41677200
 41677199
 41677198
 41677197
 41677196
 41677195
 41677194
 41677193
 41677192
 41677191
 41677190
 41677189
 41677188
 41677187
 41677186
 41677185
 41677184
 41677183
 41677182
 41677181
 41677180
 41677179
 41677178
 41677177
 41677176
 41677175
 41677174
 41677173
 41677172
 41677171
 41677170
 41677169
 41677168
 41677167
 41677166
 41677165
 41677164
 41677163
 41677162
 41677161
 41677160
 41677159
 41677158
 41677157
 41677156
 41677155
 41677154
 41677153
 41677152
 41677151
 41677150
 41677149
 41677148
 41677147
 41677146
 41677145
 41677144
 41677143
 41677142
 41677141
 41677140
 41677139
 41677138
 41677137
 41677136
 41677135
 41677134
 41677133
 41677132
 41677131
 41677130
 41677129
 41677128
 41677127
 41677126
 41677125
 41677124
 41677123
 41677122
 41677121
 41677120
 41677119
 41677118
 41677117
 41677116
 41677115
 41677114
 41677113
 41677112
 41677111
 41677110
 41677109
 41677108
 41677107
 41677106
 41677105
 41677104
 41677103
 41677102
 41677101
 41677099
 41677098
 41677097
 41677096
 41677095
 41677094
 41677093
 41677092
 41677091
 41677090
 41677088
 41677087
 41677086
 41677085
 41677084
 41677083
 41677082
 41677081
 41677080
 41677079
 41677078
 41677077
 41677076
 41677075
 41677074
 41677073
 41677072
 41677071
 41677070
 41677069
 41677068
 41677067
 41677066
 41677065
 41677064
 41677063
 41677062
 41677061
 41677060
 41677059
 41677058
 41677057
 41677056
 41677055
 41677054
 41677053
 41677052
 41677051
 41677050
 41677049
 41677048
 41677047
 41677046
 41677045
 41677044
 41677043
 41677042
 41677041
 41677040
 41677039
 41677038
 41677037
 41677036
 41677035
 41677034
 41677033
 41677032
 41677031
 41677030
 41677029
 41677028
 41677027
 41677026
 41677025
 41677024
 41677023
 41677022
 41677021
 41677020
 41677019
 41677018
 41677017
 41677016
 41677015
 41677014
 41677013
 41677012
 41677011
 41677010
 41677009
 41677008
 41677007
 41677006
 41677005
 41677004
 41677003
 41677002
 41677001
 41677000
 41676999
 41676998
 41676997
 41676996
 41676995
 41676994
 41676993
 41676992
 41676991
 41676990
 41676989
 41676988
 41676987
 41676986
 41676985
 41676984
 41676983
 41676982
 41676981
 41676980
 41676979
 41676978
 41676977
 41676976
 41676975
 41676974
 41676973
 41676972
 41676971
 41676970
 41676969
 41676968
 41676967
 41676966
 41676965
 41676964
 41676963
 41676962
 41676961
 41676960
 41676959
 41676958
 41676957
 41676956
 41676955
 41676954
 41676953
 41676952
 41676951
 41676950
 41676949
 41676948
 41676947
 41676946
 41676945
 41676944
 41676943
 41676942
 41676941
 41676940
 41676939
 41676938
 41676937
 41676936
 41676935
 41676934
 41676933
 41676932
 41676931
 41676930
 41676929
 41676928
 41676927
 41676926
 41676925
 41676924
 41676923
 41676922
 41676921
 41676920
 41676919
 41676918
 41676917
 41676916
 41676915
 41676914
 41676913
 41676912
 41676911
 41676910
 41676909
 41676908
 41676907
 41676906
 41676905
 41676904
 41676903
 41676902
 41676901
 41676900
 41676899
 41676898
 41676897
 41676896
 41676895
 41676894
 41676893
 41676892
 41676891
 41676890
 41676889
 41676888
 41676887
 41676886
 41676885
 41676884
 41676883
 41676882
 41676881
 41676880
 41676879
 41676878
 41676877
 41676876
 41676875
 41676874
 41676873
 41676872
 41676871
 41676870
 41676869
 41676868
 41676867
 41676866
 41676865
 41676864
 41676863
 41676862
 41676861
 41676860
 41676859
 41676858
 41676857
 41676856
 41676855
 41676854
 41676853
 41676852
 41676851
 41676850
 41676849
 41676848
 41676847
 41676846
 41676845
 41676844
 41676843
 41676842
 41676841
 41676840
 41676839
 41676838
 41676837
 41676836
 41676835
 41676834
 41676833
 41676832
 41676831
 41676829
 41676828
 41676827
 41676826
 41676824
 41676823
 41676822
 41676821
 41676820
 41676819
 41676818
 41676817
 41676816
 41676815
 41676813
 41676812
 41676811
 41676810
 41676809
 41676808
 41676807
 41676806
 41676805
 41676804
 41676803
 41676802
 41676801
 41676800
 41676799
 41676798
 41676797
 41676796
 41676795
 41676794
 41676793
 41676792
 41676791
 41676790
 41676789
 41676788
 41676787
 41676786
 41676785
 41676784
 41676783
 41676782
 41676781
 41676780
 41676779
 41676778
 41676777
 41676776
 41676775
 41676774
 41676772
 41676771
 41676770
 41676769
 41676768
 41676767
 41676766
 41676765
 41676764
 41676763
 41676762
 41676761
 41676760
 41676759
 41676758
 41676757
 41676756
 41676755
 41676754
 41676753
 41676752
 41676751
 41676750
 41676749
 41676748
 41676747
 41676746
 41676745
 41676744
 41676743
 41676742
 41676741
 41676740
 41676739
 41676738
 41676737
 41676736
 41676735
 41676734
 41676733
 41676732
 41676731
 41676730
 41676729
 41676728
 41676727
 41676726
 41676725
 41676724
 41676723
 41676722
 41676721
 41676720
 41676719
 41676718
 41676717
 41676716
 41676715
 41676714
 41676713
 41676712
 41676711
 41676710
 41676709
 41676708
 41676707
 41676706
 41676705
 41676704
 41676703
 41676702
 41676701
 41676700
 41676699
 41676698
 41676697
 41676696
 41676695
 41676694
 41676693
 41676692
 41676691
 41676690
 41676689
 41676688
 41676687
 41676686
 41676685
 41676684
 41676683
 41676682
 41676681
 41676680
 41676679
 41676678
 41676677
 41676676
 41676675
 41676674
 41676673
 41676672
 41676671
 41676670
 41676669
 41676668
 41676667
 41676666
 41676665
 41676664
 41676663
 41676662
 41676659
 41676658
 41676657
 41676656
 41676655
 41676654
 41676653
 41676652
 41676651
 41676650
 41676649
 41676648
 41676647
 41676646
 41676645
 41676644
 41676643
 41676642
 41676641
 41676640
 41676639
 41676638
 41676637
 41676636
 41676634
 41676633
 41676632
 41676631
 41676630
 41676629
 41676628
 41676627
 41676626
 41676625
 41676624
 41676623
 41676622
 41676621
 41676620
 41676619
 41676618
 41676617
 41676616
 41676615
 41676614
 41676613
 41676612
 41676611
 41676610
 41676609
 41676608
 41676607
 41676606
 41676605
 41676604
 41676603
 41676602
 41676601
 41676600
 41676599
 41676598
 41676597
 41676596
 41676595
 41676594
 41676593
 41676592
 41676591
 41676590
 41676589
 41676588
 41676587
 41676586
 41676585
 41676584
 41676583
 41676582
 41676581
 41676580
 41676579
 41676578
 41676577
 41676576
 41676575
 41676574
 41676573
 41676572
 41676571
 41676570
 41676569
 41676568
 41676567
 41676566
 41676565
 41676564
 41676563
 41676562
 41676561
 41676560
 41676559
 41676558
 41676557
 41676556
 41676555
 41676554
 41676553
 41676552
 41676551
 41676550
 41676549
 41676548
 41676547
 41676546
 41676545
 41676544
 41676543
 41676542
 41676541
 41676540
 41676539
 41676538
 41676537
 41676536
 41676535
 41676534
 41676533
 41676532
 41676531
 41676530
 41676529
 41676528
 41676527
 41676526
 41676525
 41676524
 41676523
 41676522
 41676521
 41676520
 41676519
 41676518
 41676517
 41676516
 41676515
 41676514
 41676513
 41676512
 41676511
 41676510
 41676509
 41676508
 41676507
 41676506
 41676505
 41676504
 41676503
 41676502
 41676501
 41676500
 41676499
 41676498
 41676497
 41676496
 41676495
 41676494
 41676493
 41676492
 41676491
 41676490
 41676489
 41676488
 41676487
 41676486
 41676485
 41676484
 41676483
 41676482
 41676481
 41676480
 41676479
 41676478
 41676477
 41676476
 41676475
 41676473
 41676472
 41676471
 41676470
 41676469
 41676468
 41676467
 41676466
 41676465
 41676464
 41676463
 41676462
 41676461
 41676460
 41676459
 41676458
 41676457
 41676456
 41676455
 41676454
 41676453
 41676452
 41676451
 41676450
 41676449
 41676448
 41676447
 41676445
 41676444
 41676443
 41676442
 41676441
 41676440
 41676439
 41676438
 41676437
 41676436
 41676435
 41676434
 41676433
 41676432
 41676431
 41676430
 41676429
 41676428
 41676427
 41676426
 41676425
 41676424
 41676423
 41676422
 41676421
 41676420
 41676419
 41676418
 41676417
 41676416
 41676415
 41676414
 41676413
 41676412
 41676410
 41676409
 41676408
 41676407
 41676406
 41676405
 41676404
 41676403
 41676402
 41676401
 41676400
 41676399
 41676398
 41676397
 41676396
 41676395
 41676394
 41676393
 41676392
 41676391
 41676390
 41676389
 41676388
 41676387
 41676386
 41676385
 41676384
 41676383
 41676382
 41676381
 41676380
 41676379
 41676378
 41676377
 41676376
 41676375
 41676374
 41676373
 41676372
 41676371
 41676370
 41676369
 41676368
 41676367
 41676366
 41676365
 41676364
 41676363
 41676362
 41676361
 41676360
 41676359
 41676358
 41676357
 41676356
 41676355
 41676354
 41676353
 41676352
 41676351
 41676350
 41676349
 41676348
 41676347
 41676346
 41676345
 41676344
 41676343
 41676342
 41676341
 41676340
 41676339
 41676338
 41676337
 41676336
 41676335
 41676334
 41676333
 41676332
 41676331
 41676330
 41676329
 41676328
 41676327
 41676326
 41676325
 41676324
 41676323
 41676322
 41676321
 41676320
 41676319
 41676318
 41676317
 41676316
 41676315
 41676314
 41676313
 41676312
 41676311
 41676310
 41676309
 41676308
 41676307
 41676306
 41676305
 41676304
 41676303
 41676302
 41676301
 41676300
 41676299
 41676298
 41676297
 41676296
 41676295
 41676294
 41676293
 41676292
 41676291
 41676290
 41676289
 41676288
 41676287
 41676286
 41676285
 41676284
 41676283
 41676282
 41676281
 41676280
 41676279
 41676278
 41676277
 41676275
 41676274
 41676273
 41676272
 41676271
 41676270
 41676269
 41676268
 41676267
 41676266
 41676265
 41676264
 41676263
 41676262
 41676261
 41676260
 41676259
 41676258
 41676257
 41676256
 41676255
 41676254
 41676253
 41676252
 41676251
 41676250
 41676249
 41676248
 41676247
 41676246
 41676245
 41676244
 41676243
 41676242
 41676241
 41676240
 41676239
 41676238
 41676237
 41676236
 41676235
 41676234
 41676233
 41676232
 41676231
 41676230
 41676229
 41676228
 41676227
 41676226
 41676225
 41676224
 41676223
 41676222
 41676221
 41676220
 41676219
 41676218
 41676217
 41676216
 41676215
 41676214
 41676213
 41676212
 41676211
 41676210
 41676209
 41676208
 41676207
 41676206
 41676205
 41676204
 41676203
 41676202
 41676201
 41676200
 41676199
 41676198
 41676197
 41676196
 41676195
 41676194
 41676193
 41676192
 41676191
 41676190
 41676189
 41676187
 41676186
 41676185
 41676184
 41676183
 41676182
 41676181
 41676180
 41676179
 41676178
 41676177
 41676176
 41676175
 41676174
 41676173
 41676172
 41676171
 41676170
 41676169
 41676168
 41676167
 41676166
 41676165
 41676164
 41676163
 41676162
 41676161
 41676160
 41676159
 41676158
 41676157
 41676156
 41676155
 41676154
 41676153
 41676152
 41676151
 41676150
 41676149
 41676148
 41676147
 41676146
 41676145
 41676144
 41676143
 41676142
 41676141
 41676140
 41676139
 41676138
 41676137
 41676136
 41676134
 41676133
 41676132
 41676131
 41676130
 41676129
 41676128
 41676127
 41676126
 41676125
 41676124
 41676123
 41676122
 41676121
 41676120
 41676119
 41676118
 41676117
 41676116
 41676115
 41676114
 41676113
 41676112
 41676111
 41676110
 41676109
 41676108
 41676107
 41676106
 41676105
 41676104
 41676103
 41676102
 41676101
 41676100
 41676099
 41676098
 41676097
 41676096
 41676094
 41676093
 41676092
 41676091
 41676090
 41676089
 41676088
 41676087
 41676086
 41676085
 41676084
 41676083
 41676082
 41676081
 41676080
 41676079
 41676078
 41676077
 41676076
 41676075
 41676074
 41676073
 41676072
 41676071
 41676070
 41676069
 41676068
 41676067
 41676066
 41676065
 41676064
 41676063
 41676062
 41676061
 41676060
 41676059
 41676058
 41676057
 41676056
 41676055
 41676054
 41676053
 41676052
 41676051
 41676050
 41676049
 41676048
 41676047
 41676046
 41676045
 41676044
 41676043
 41676042
 41676041
 41676040
 41676039
 41676038
 41676037
 41676036
 41676035
 41676034
 41676033
 41676032
 41676031
 41676030
 41676029
 41676028
 41676027
 41676026
 41676025
 41676024
 41676023
 41676022
 41676021
 41676020
 41676019
 41676018
 41676017
 41676016
 41676015
 41676014
 41676013
 41676012
 41676011
 41676010
 41676009
 41676008
 41676007
 41676006
 41676005
 41676004
 41676003
 41676002
 41676001
 41676000
 41675999
 41675998
 41675997
 41675996
 41675995
 41675994
 41675993
 41675992
 41675991
 41675990
 41675989
 41675988
 41675987
 41675986
 41675985
 41675984
 41675983
 41675982
 41675981
 41675980
 41675979
 41675978
 41675977
 41675976
 41675975
 41675974
 41675973
 41675972
 41675971
 41675970
 41675969
 41675968
 41675967
 41675966
 41675965
 41675964
 41675963
 41675962
 41675961
 41675960
 41675959
 41675958
 41675957
 41675956
 41675955
 41675954
 41675953
 41675952
 41675951
 41675950
 41675949
 41675948
 41675947
 41675946
 41675945
 41675944
 41675943
 41675942
 41675941
 41675940
 41675939
 41675938
 41675937
 41675936
 41675935
 41675934
 41675933
 41675932
 41675931
 41675930
 41675929
 41675928
 41675927
 41675926
 41675925
 41675924
 41675923
 41675922
 41675920
 41675919
 41675918
 41675917
 41675916
 41675915
 41675914
 41675913
 41675912
 41675911
 41675910
 41675909
 41675908
 41675907
 41675906
 41675905
 41675904
 41675903
 41675902
 41675901
 41675900
 41675899
 41675898
 41675897
 41675895
 41675894
 41675893
 41675892
 41675891
 41675890
 41675889
 41675888
 41675887
 41675886
 41675885
 41675884
 41675883
 41675882
 41675881
 41675880
 41675879
 41675878
 41675877
 41675876
 41675875
 41675874
 41675873
 41675872
 41675870
 41675869
 41675868
 41675867
 41675866
 41675865
 41675864
 41675863
 41675862
 41675861
 41675860
 41675859
 41675858
 41675857
 41675856
 41675855
 41675854
 41675853
 41675852
 41675851
 41675850
 41675849
 41675848
 41675847
 41675846
 41675845
 41675844
 41675843
 41675842
 41675841
 41675840
 41675839
 41675838
 41675837
 41675836
 41675835
 41675834
 41675833
 41675832
 41675831
 41675830
 41675829
 41675828
 41675827
 41675826
 41675825
 41675823
 41675822
 41675821
 41675820
 41675819
 41675818
 41675817
 41675816
 41675815
 41675814
 41675813
 41675812
 41675811
 41675809
 41675808
 41675807
 41675806
 41675805
 41675804
 41675803
 41675802
 41675801
 41675800
 41675799
 41675798
 41675797
 41675796
 41675795
 41675794
 41675793
 41675792
 41675791
 41675790
 41675789
 41675788
 41675787
 41675786
 41675785
 41675784
 41675783
 41675782
 41675781
 41675780
 41675779
 41675778
 41675777
 41675776
 41675775
 41675774
 41675773
 41675772
 41675771
 41675770
 41675769
 41675768
 41675767
 41675766
 41675765
 41675764
 41675763
 41675762
 41675761
 41675760
 41675759
 41675758
 41675757
 41675756
 41675755
 41675754
 41675753
 41675752
 41675751
 41675750
 41675749
 41675748
 41675747
 41675746
 41675745
 41675744
 41675743
 41675742
 41675741
 41675740
 41675739
 41675738
 41675737
 41675736
 41675735
 41675734
 41675733
 41675732
 41675731
 41675730
 41675729
 41675728
 41675727
 41675726
 41675725
 41675724
 41675723
 41675722
 41675721
 41675720
 41675719
 41675718
 41675717
 41675716
 41675715
 41675714
 41675713
 41675712
 41675711
 41675710
 41675709
 41675708
 41675707
 41675706
 41675705
 41675704
 41675703
 41675702
 41675701
 41675700
 41675699
 41675697
 41675696
 41675695
 41675694
 41675693
 41675692
 41675691
 41675690
 41675689
 41675688
 41675687
 41675686
 41675685
 41675684
 41675683
 41675682
 41675681
 41675680
 41675679
 41675678
 41675677
 41675676
 41675675
 41675674
 41675673
 41675672
 41675671
 41675670
 41675669
 41675668
 41675667
 41675666
 41675665
 41675664
 41675663
 41675661
 41675660
 41675659
 41675658
 41675657
 41675656
 41675655
 41675654
 41675653
 41675652
 41675651
 41675650
 41675649
 41675648
 41675647
 41675646
 41675645
 41675644
 41675643
 41675642
 41675641
 41675640
 41675639
 41675638
 41675637
 41675636
 41675635
 41675634
 41675633
 41675632
 41675631
 41675630
 41675629
 41675628
 41675627
 41675626
 41675625
 41675624
 41675623
 41675622
 41675621
 41675620
 41675619
 41675618
 41675617
 41675616
 41675615
 41675614
 41675613
 41675612
 41675611
 41675610
 41675609
 41675608
 41675607
 41675606
 41675605
 41675604
 41675603
 41675602
 41675601
 41675600
 41675599
 41675598
 41675597
 41675596
 41675595
 41675594
 41675593
 41675592
 41675591
 41675590
 41675589
 41675588
 41675587
 41675586
 41675585
 41675584
 41675583
 41675582
 41675581
 41675580
 41675579
 41675578
 41675577
 41675576
 41675575
 41675574
 41675573
 41675572
 41675571
 41675570
 41675568
 41675567
 41675566
 41675565
 41675564
 41675563
 41675562
 41675561
 41675560
 41675559
 41675558
 41675557
 41675556
 41675555
 41675554
 41675553
 41675552
 41675551
 41675550
 41675549
 41675548
 41675547
 41675546
 41675545
 41675544
 41675543
 41675542
 41675541
 41675540
 41675539
 41675538
 41675537
 41675536
 41675535
 41675534
 41675533
 41675532
 41675530
 41675529
 41675528
 41675527
 41675526
 41675525
 41675524
 41675523
 41675522
 41675521
 41675520
 41675519
 41675518
 41675517
 41675516
 41675515
 41675514
 41675513
 41675512
 41675511
 41675510
 41675509
 41675508
 41675507
 41675506
 41675505
 41675504
 41675503
 41675502
 41675501
 41675500
 41675499
 41675498
 41675497
 41675496
 41675495
 41675494
 41675493
 41675492
 41675491
 41675490
 41675489
 41675488
 41675487
 41675486
 41675485
 41675484
 41675483
 41675482
 41675481
 41675480
 41675479
 41675477
 41675476
 41675475
 41675474
 41675473
 41675472
 41675471
 41675470
 41675469
 41675468
 41675467
 41675466
 41675464
 41675463
 41675462
 41675461
 41675460
 41675459
 41675458
 41675457
 41675456
 41675455
 41675454
 41675453
 41675452
 41675451
 41675450
 41675449
 41675448
 41675447
 41675446
 41675445
 41675444
 41675443
 41675442
 41675441
 41675440
 41675439
 41675438
 41675437
 41675436
 41675435
 41675433
 41675432
 41675431
 41675430
 41675429
 41675428
 41675426
 41675425
 41675424
 41675423
 41675422
 41675421
 41675420
 41675419
 41675418
 41675417
 41675416
 41675415
 41675414
 41675413
 41675412
 41675411
 41675410
 41675409
 41675408
 41675407
 41675406
 41675405
 41675404
 41675403
 41675402
 41675401
 41675400
 41675399
 41675398
 41675397
 41675396
 41675395
 41675394
 41675393
 41675392
 41675391
 41675390
 41675389
 41675388
 41675387
 41675386
 41675385
 41675384
 41675383
 41675382
 41675381
 41675380
 41675379
 41675378
 41675377
 41675376
 41675375
 41675374
 41675373
 41675372
 41675371
 41675370
 41675369
 41675368
 41675367
 41675366
 41675365
 41675364
 41675363
 41675362
 41675361
 41675360
 41675359
 41675358
 41675357
 41675356
 41675355
 41675354
 41675353
 41675352
 41675351
 41675350
 41675349
 41675348
 41675347
 41675346
 41675345
 41675344
 41675343
 41675342
 41675341
 41675340
 41675339
 41675338
 41675337
 41675336
 41675335
 41675334
 41675333
 41675332
 41675331
 41675330
 41675329
 41675328
 41675327
 41675326
 41675325
 41675324
 41675323
 41675322
 41675321
 41675320
 41675319
 41675318
 41675317
 41675316
 41675315
 41675314
 41675313
 41675312
 41675311
 41675310
 41675309
 41675308
 41675307
 41675306
 41675305
 41675304
 41675303
 41675302
 41675301
 41675300
 41675299
 41675298
 41675297
 41675296
 41675295
 41675294
 41675293
 41675292
 41675291
 41675290
 41675289
 41675288
 41675287
 41675286
 41675285
 41675284
 41675283
 41675282
 41675281
 41675280
 41675279
 41675278
 41675277
 41675276
 41675275
 41675274
 41675273
 41675272
 41675271
 41675270
 41675269
 41675268
 41675267
 41675266
 41675265
 41675264
 41675263
 41675262
 41675261
 41675260
 41675259
 41675258
 41675257
 41675256
 41675255
 41675254
 41675253
 41675252
 41675251
 41675250
 41675249
 41675248
 41675247
 41675246
 41675245
 41675244
 41675243
 41675242
 41675241
 41675240
 41675239
 41675238
 41675237
 41675236
 41675235
 41675234
 41675233
 41675232
 41675231
 41675230
 41675229
 41675228
 41675227
 41675226
 41675225
 41675224
 41675223
 41675222
 41675221
 41675220
 41675219
 41675218
 41675217
 41675216
 41675215
 41675214
 41675213
 41675212
 41675211
 41675210
 41675209
 41675208
 41675207
 41675206
 41675204
 41675203
 41675202
 41675201
 41675200
 41675199
 41675198
 41675197
 41675196
 41675195
 41675194
 41675193
 41675192
 41675191
 41675190
 41675189
 41675188
 41675187
 41675186
 41675185
 41675184
 41675183
 41675182
 41675181
 41675180
 41675179
 41675178
 41675177
 41675176
 41675175
 41675174
 41675173
 41675172
 41675171
 41675170
 41675169
 41675168
 41675167
 41675166
 41675165
 41675164
 41675162
 41675161
 41675160
 41675159
 41675158
 41675157
 41675156
 41675155
 41675154
 41675153
 41675152
 41675151
 41675150
 41675149
 41675148
 41675147
 41675146
 41675145
 41675144
 41675143
 41675142
 41675141
 41675140
 41675139
 41675138
 41675137
 41675136
 41675135
 41675134
 41675133
 41675132
 41675131
 41675130
 41675129
 41675128
 41675127
 41675126
 41675125
 41675124
 41675123
 41675122
 41675121
 41675120
 41675119
 41675118
 41675117
 41675116
 41675115
 41675114
 41675113
 41675112
 41675111
 41675110
 41675109
 41675108
 41675107
 41675106
 41675105
 41675104
 41675103
 41675101
 41675100
 41675099
 41675098
 41675097
 41675096
 41675093
 41675092
 41675091
 41675090
 41675089
 41675088
 41675087
 41675086
 41675085
 41675084
 41675083
 41675082
 41675081
 41675080
 41675079
 41675078
 41675077
 41675076
 41675074
 41675073
 41675072
 41675071
 41675070
 41675069
 41675068
 41675067
 41675066
 41675065
 41675064
 41675063
 41675062
 41675061
 41675060
 41675059
 41675058
 41675057
 41675056
 41675055
 41675054
 41675053
 41675052
 41675051
 41675050
 41675049
 41675048
 41675047
 41675046
 41675045
 41675044
 41675043
 41675042
 41675041
 41675039
 41675038
 41675037
 41675036
 41675035
 41675034
 41675033
 41675031
 41675030
 41675029
 41675028
 41675027
 41675026
 41675025
 41675024
 41675023
 41675022
 41675021
 41675020
 41675019
 41675018
 41675017
 41675016
 41675015
 41675014
 41675013
 41675012
 41675011
 41675010
 41675009
 41675008
 41675007
 41675006
 41675005
 41675004
 41675003
 41675002
 41675001
 41675000
 41674999
 41674998
 41674997
 41674996
 41674995
 41674994
 41674993
 41674992
 41674991
 41674990
 41674989
 41674988
 41674987
 41674986
 41674985
 41674984
 41674983
 41674982
 41674981
 41674980
 41674979
 41674978
 41674977
 41674976
 41674975
 41674974
 41674973
 41674972
 41674971
 41674970
 41674969
 41674968
 41674967
 41674966
 41674965
 41674964
 41674963
 41674962
 41674961
 41674960
 41674959
 41674958
 41674957
 41674956
 41674955
 41674954
 41674953
 41674951
 41674950
 41674949
 41674948
 41674947
 41674946
 41674945
 41674944
 41674943
 41674942
 41674941
 41674939
 41674938
 41674937
 41674936
 41674935
 41674934
 41674933
 41674932
 41674931
 41674930
 41674929
 41674928
 41674927
 41674926
 41674925
 41674924
 41674923
 41674922
 41674921
 41674920
 41674919
 41674918
 41674917
 41674916
 41674915
 41674914
 41674913
 41674912
 41674910
 41674909
 41674908
 41674907
 41674906
 41674905
 41674904
 41674903
 41674902
 41674901
 41674900
 41674899
 41674898
 41674897
 41674896
 41674895
 41674894
 41674893
 41674892
 41674891
 41674890
 41674889
 41674888
 41674887
 41674886
 41674885
 41674884
 41674883
 41674882
 41674881
 41674880
 41674879
 41674878
 41674877
 41674876
 41674875
 41674874
 41674873
 41674872
 41674871
 41674870
 41674869
 41674868
 41674866
 41674865
 41674864
 41674863
 41674862
 41674861
 41674860
 41674859
 41674858
 41674857
 41674856
 41674855
 41674854
 41674853
 41674852
 41674851
 41674850
 41674849
 41674848
 41674847
 41674846
 41674845
 41674844
 41674843
 41674841
 41674840
 41674839
 41674838
 41674837
 41674836
 41674835
 41674834
 41674833
 41674832
 41674831
 41674830
 41674829
 41674828
 41674827
 41674826
 41674825
 41674824
 41674823
 41674822
 41674821
 41674820
 41674819
 41674818
 41674817
 41674815
 41674814
 41674813
 41674812
 41674811
 41674810
 41674809
 41674808
 41674807
 41674806
 41674805
 41674804
 41674803
 41674802
 41674801
 41674800
 41674799
 41674798
 41674797
 41674796
 41674795
 41674794
 41674793
 41674792
 41674791
 41674790
 41674789
 41674788
 41674787
 41674786
 41674785
 41674784
 41674783
 41674782
 41674781
 41674780
 41674779
 41674778
 41674777
 41674776
 41674775
 41674774
 41674773
 41674772
 41674771
 41674770
 41674769
 41674768
 41674767
 41674766
 41674765
 41674764
 41674763
 41674762
 41674761
 41674760
 41674759
 41674758
 41674757
 41674756
 41674755
 41674754
 41674753
 41674752
 41674751
 41674750
 41674749
 41674748
 41674747
 41674746
 41674745
 41674744
 41674743
 41674742
 41674741
 41674740
 41674739
 41674738
 41674737
 41674736
 41674735
 41674734
 41674733
 41674732
 41674731
 41674730
 41674729
 41674728
 41674727
 41674726
 41674725
 41674724
 41674723
 41674722
 41674721
 41674720
 41674719
 41674718
 41674717
 41674716
 41674715
 41674714
 41674713
 41674712
 41674711
 41674710
 41674709
 41674708
 41674707
 41674706
 41674705
 41674704
 41674703
 41674702
 41674701
 41674700
 41674699
 41674698
 41674697
 41674696
 41674695
 41674694
 41674693
 41674692
 41674691
 41674690
 41674689
 41674688
 41674687
 41674686
 41674685
 41674684
 41674683
 41674682
 41674681
 41674680
 41674679
 41674678
 41674677
 41674676
 41674675
 41674674
 41674673
 41674672
 41674671
 41674670
 41674669
 41674668
 41674667
 41674666
 41674665
 41674664
 41674663
 41674662
 41674661
 41674660
 41674659
 41674658
 41674657
 41674656
 41674655
 41674654
 41674653
 41674652
 41674651
 41674650
 41674649
 41674648
 41674647
 41674646
 41674645
 41674644
 41674643
 41674642
 41674641
 41674640
 41674639
 41674638
 41674637
 41674636
 41674635
 41674634
 41674633
 41674632
 41674631
 41674630
 41674629
 41674628
 41674627
 41674626
 41674625
 41674624
 41674623
 41674622
 41674621
 41674620
 41674619
 41674618
 41674617
 41674616
 41674615
 41674614
 41674613
 41674612
 41674611
 41674610
 41674609
 41674608
 41674607
 41674606
 41674605
 41674604
 41674603
 41674602
 41674601
 41674600
 41674599
 41674598
 41674597
 41674596
 41674595
 41674594
 41674593
 41674592
 41674591
 41674590
 41674589
 41674588
 41674587
 41674586
 41674585
 41674584
 41674583
 41674582
 41674581
 41674580
 41674579
 41674578
 41674577
 41674576
 41674575
 41674574
 41674573
 41674572
 41674571
 41674570
 41674569
 41674568
 41674567
 41674566
 41674565
 41674564
 41674563
 41674562
 41674561
 41674560
 41674559
 41674558
 41674557
 41674556
 41674555
 41674554
 41674553
 41674552
 41674551
 41674550
 41674549
 41674548
 41674547
 41674546
 41674545
 41674544
 41674543
 41674542
 41674541
 41674539
 41674538
 41674537
 41674536
 41674535
 41674534
 41674533
 41674532
 41674531
 41674530
 41674529
 41674528
 41674527
 41674526
 41674525
 41674524
 41674523
 41674522
 41674521
 41674520
 41674519
 41674518
 41674517
 41674516
 41674515
 41674514
 41674513
 41674512
 41674511
 41674510
 41674509
 41674508
 41674507
 41674506
 41674505
 41674504
 41674503
 41674502
 41674501
 41674500
 41674499
 41674498
 41674497
 41674496
 41674495
 41674494
 41674493
 41674492
 41674491
 41674490
 41674489
 41674488
 41674487
 41674486
 41674485
 41674484
 41674483
 41674482
 41674480
 41674479
 41674478
 41674477
 41674476
 41674475
 41674474
 41674473
 41674472
 41674471
 41674469
 41674468
 41674467
 41674466
 41674465
 41674464
 41674463
 41674462
 41674461
 41674460
 41674459
 41674458
 41674457
 41674456
 41674455
 41674454
 41674453
 41674452
 41674451
 41674450
 41674449
 41674448
 41674447
 41674446
 41674445
 41674444
 41674443
 41674442
 41674441
 41674440
 41674439
 41674438
 41674437
 41674436
 41674435
 41674434
 41674433
 41674432
 41674431
 41674430
 41674429
 41674428
 41674427
 41674425
 41674424
 41674423
 41674422
 41674421
 41674420
 41674419
 41674418
 41674417
 41674416
 41674415
 41674413
 41674412
 41674411
 41674410
 41674409
 41674408
 41674407
 41674406
 41674405
 41674404
 41674403
 41674402
 41674401
 41674400
 41674399
 41674398
 41674397
 41674396
 41674395
 41674394
 41674393
 41674392
 41674391
 41674390
 41674389
 41674388
 41674387
 41674386
 41674385
 41674384
 41674383
 41674382
 41674381
 41674380
 41674379
 41674378
 41674377
 41674376
 41674375
 41674374
 41674373
 41674372
 41674370
 41674369
 41674368
 41674367
 41674366
 41674365
 41674364
 41674363
 41674362
 41674361
 41674360
 41674359
 41674358
 41674357
 41674356
 41674355
 41674354
 41674353
 41674352
 41674351
 41674350
 41674349
 41674348
 41674347
 41674346
 41674345
 41674344
 41674343
 41674342
 41674341
 41674340
 41674339
 41674338
 41674337
 41674336
 41674335
 41674334
 41674333
 41674332
 41674331
 41674330
 41674329
 41674328
 41674327
 41674326
 41674325
 41674324
 41674323
 41674322
 41674321
 41674320
 41674319
 41674318
 41674317
 41674316
 41674315
 41674314
 41674313
 41674312
 41674311
 41674310
 41674309
 41674308
 41674307
 41674306
 41674305
 41674304
 41674303
 41674302
 41674301
 41674300
 41674299
 41674298
 41674297
 41674296
 41674295
 41674294
 41674293
 41674292
 41674291
 41674290
 41674289
 41674288
 41674287
 41674286
 41674285
 41674284
 41674283
 41674282
 41674281
 41674280
 41674278
 41674277
 41674276
 41674275
 41674274
 41674273
 41674272
 41674271
 41674270
 41674269
 41674268
 41674267
 41674266
 41674265
 41674264
 41674263
 41674262
 41674261
 41674260
 41674259
 41674258
 41674257
 41674256
 41674255
 41674253
 41674252
 41674251
 41674250
 41674249
 41674248
 41674247
 41674246
 41674245
 41674244
 41674243
 41674242
 41674241
 41674240
 41674239
 41674238
 41674237
 41674236
 41674235
 41674234
 41674233
 41674232
 41674231
 41674230
 41674229
 41674228
 41674227
 41674226
 41674225
 41674224
 41674223
 41674222
 41674221
 41674220
 41674219
 41674218
 41674217
 41674216
 41674215
 41674214
 41674213
 41674212
 41674211
 41674210
 41674209
 41674208
 41674207
 41674206
 41674205
 41674204
 41674202
 41674201
 41674200
 41674199
 41674198
 41674197
 41674196
 41674195
 41674194
 41674193
 41674192
 41674191
 41674190
 41674189
 41674188
 41674187
 41674186
 41674185
 41674184
 41674183
 41674182
 41674181
 41674180
 41674179
 41674178
 41674177
 41674176
 41674175
 41674174
 41674173
 41674172
 41674171
 41674170
 41674169
 41674168
 41674167
 41674166
 41674165
 41674164
 41674163
 41674162
 41674161
 41674160
 41674159
 41674158
 41674157
 41674156
 41674155
 41674154
 41674153
 41674152
 41674151
 41674150
 41674149
 41674148
 41674147
 41674146
 41674145
 41674144
 41674143
 41674142
 41674141
 41674140
 41674139
 41674138
 41674137
 41674136
 41674135
 41674134
 41674133
 41674132
 41674131
 41674130
 41674129
 41674128
 41674127
 41674126
 41674125
 41674124
 41674123
 41674122
 41674121
 41674120
 41674119
 41674118
 41674117
 41674115
 41674114
 41674113
 41674112
 41674111
 41674110
 41674109
 41674108
 41674107
 41674106
 41674105
 41674104
 41674103
 41674102
 41674101
 41674100
 41674099
 41674098
 41674097
 41674096
 41674095
 41674093
 41674092
 41674091
 41674090
 41674089
 41674088
 41674087
 41674086
 41674085
 41674084
 41674083
 41674082
 41674081
 41674080
 41674079
 41674078
 41674077
 41674076
 41674075
 41674074
 41674073
 41674072
 41674071
 41674070
 41674069
 41674068
 41674067
 41674066
 41674065
 41674064
 41674063
 41674062
 41674061
 41674060
 41674059
 41674058
 41674057
 41674056
 41674055
 41674054
 41674053
 41674052
 41674050
 41674049
 41674048
 41674047
 41674046
 41674045
 41674044
 41674043
 41674042
 41674041
 41674040
 41674039
 41674038
 41674037
 41674036
 41674035
 41674033
 41674032
 41674031
 41674030
 41674029
 41674028
 41674027
 41674026
 41674024
 41674023
 41674022
 41674021
 41674020
 41674019
 41674018
 41674017
 41674016
 41674015
 41674014
 41674013
 41674012
 41674011
 41674010
 41674009
 41674008
 41674007
 41674006
 41674005
 41674003
 41674002
 41674001
 41674000
 41673999
 41673997
 41673996
 41673995
 41673994
 41673993
 41673992
 41673991
 41673990
 41673989
 41673988
 41673987
 41673986
 41673985
 41673984
 41673983
 41673982
 41673981
 41673980
 41673979
 41673978
 41673977
 41673976
 41673975
 41673974
 41673973
 41673972
 41673971
 41673970
 41673969
 41673968
 41673967
 41673966
 41673965
 41673964
 41673963
 41673962
 41673961
 41673960
 41673959
 41673958
 41673957
 41673956
 41673955
 41673954
 41673953
 41673952
 41673951
 41673950
 41673949
 41673947
 41673946
 41673945
 41673944
 41673943
 41673942
 41673941
 41673940
 41673939
 41673938
 41673937
 41673936
 41673935
 41673934
 41673933
 41673932
 41673931
 41673930
 41673929
 41673928
 41673927
 41673926
 41673925
 41673924
 41673923
 41673922
 41673921
 41673920
 41673919
 41673918
 41673917
 41673916
 41673915
 41673914
 41673913
 41673912
 41673911
 41673910
 41673909
 41673908
 41673907
 41673906
 41673905
 41673904
 41673903
 41673902
 41673901
 41673900
 41673899
 41673898
 41673897
 41673896
 41673895
 41673894
 41673893
 41673892
 41673891
 41673890
 41673889
 41673888
 41673887
 41673886
 41673885
 41673884
 41673883
 41673882
 41673881
 41673880
 41673879
 41673878
 41673877
 41673876
 41673875
 41673874
 41673873
 41673872
 41673871
 41673869
 41673868
 41673867
 41673866
 41673865
 41673864
 41673863
 41673862
 41673861
 41673860
 41673859
 41673858
 41673857
 41673856
 41673855
 41673854
 41673853
 41673852
 41673851
 41673850
 41673849
 41673848
 41673847
 41673846
 41673845
 41673844
 41673843
 41673842
 41673841
 41673840
 41673839
 41673838
 41673837
 41673836
 41673835
 41673834
 41673833
 41673832
 41673831
 41673830
 41673829
 41673828
 41673827
 41673826
 41673825
 41673824
 41673823
 41673822
 41673821
 41673820
 41673819
 41673818
 41673817
 41673816
 41673815
 41673814
 41673813
 41673812
 41673811
 41673810
 41673809
 41673808
 41673807
 41673805
 41673804
 41673803
 41673802
 41673801
 41673800
 41673799
 41673798
 41673797
 41673796
 41673795
 41673794
 41673793
 41673792
 41673791
 41673790
 41673789
 41673788
 41673787
 41673786
 41673785
 41673784
 41673783
 41673782
 41673781
 41673780
 41673779
 41673778
 41673777
 41673776
 41673775
 41673774
 41673773
 41673772
 41673771
 41673770
 41673769
 41673768
 41673767
 41673766
 41673765
 41673764
 41673763
 41673762
 41673761
 41673760
 41673759
 41673758
 41673757
 41673756
 41673755
 41673754
 41673753
 41673752
 41673751
 41673750
 41673749
 41673748
 41673747
 41673746
 41673745
 41673744
 41673743
 41673742
 41673741
 41673740
 41673739
 41673738
 41673737
 41673736
 41673735
 41673734
 41673733
 41673732
 41673731
 41673730
 41673729
 41673728
 41673727
 41673726
 41673724
 41673723
 41673722
 41673721
 41673720
 41673719
 41673718
 41673717
 41673716
 41673715
 41673714
 41673713
 41673712
 41673711
 41673710
 41673709
 41673708
 41673707
 41673706
 41673705
 41673704
 41673703
 41673702
 41673701
 41673700
 41673699
 41673698
 41673697
 41673696
 41673695
 41673694
 41673693
 41673692
 41673691
 41673690
 41673689
 41673688
 41673686
 41673685
 41673684
 41673683
 41673682
 41673681
 41673680
 41673679
 41673678
 41673677
 41673676
 41673675
 41673674
 41673673
 41673672
 41673671
 41673670
 41673669
 41673668
 41673667
 41673666
 41673665
 41673664
 41673663
 41673662
 41673661
 41673660
 41673659
 41673658
 41673656
 41673655
 41673654
 41673653
 41673652
 41673651
 41673650
 41673649
 41673648
 41673647
 41673646
 41673645
 41673644
 41673643
 41673642
 41673641
 41673640
 41673639
 41673638
 41673637
 41673636
 41673635
 41673634
 41673633
 41673632
 41673631
 41673630
 41673629
 41673628
 41673627
 41673626
 41673625
 41673624
 41673623
 41673622
 41673621
 41673620
 41673619
 41673618
 41673617
 41673616
 41673615
 41673614
 41673613
 41673612
 41673611
 41673610
 41673609
 41673608
 41673607
 41673605
 41673604
 41673603
 41673602
 41673601
 41673600
 41673599
 41673598
 41673597
 41673595
 41673594
 41673593
 41673592
 41673591
 41673590
 41673589
 41673588
 41673587
 41673586
 41673585
 41673584
 41673583
 41673582
 41673581
 41673580
 41673579
 41673578
 41673577
 41673576
 41673575
 41673574
 41673573
 41673572
 41673571
 41673570
 41673569
 41673568
 41673567
 41673566
 41673565
 41673564
 41673563
 41673562
 41673561
 41673560
 41673559
 41673558
 41673557
 41673556
 41673555
 41673554
 41673553
 41673552
 41673551
 41673550
 41673549
 41673548
 41673547
 41673546
 41673545
 41673544
 41673543
 41673542
 41673541
 41673540
 41673539
 41673538
 41673537
 41673536
 41673535
 41673534
 41673533
 41673532
 41673531
 41673530
 41673529
 41673528
 41673527
 41673526
 41673525
 41673524
 41673523
 41673522
 41673521
 41673520
 41673519
 41673518
 41673517
 41673516
 41673515
 41673514
 41673513
 41673512
 41673511
 41673510
 41673509
 41673507
 41673506
 41673505
 41673504
 41673503
 41673502
 41673501
 41673500
 41673499
 41673498
 41673497
 41673496
 41673495
 41673494
 41673493
 41673492
 41673491
 41673490
 41673489
 41673488
 41673487
 41673486
 41673485
 41673484
 41673483
 41673482
 41673481
 41673480
 41673479
 41673478
 41673477
 41673476
 41673475
 41673474
 41673473
 41673472
 41673471
 41673470
 41673469
 41673468
 41673467
 41673466
 41673465
 41673464
 41673463
 41673462
 41673461
 41673460
 41673459
 41673458
 41673457
 41673456
 41673455
 41673454
 41673453
 41673452
 41673451
 41673450
 41673449
 41673448
 41673447
 41673446
 41673445
 41673444
 41673443
 41673442
 41673441
 41673440
 41673439
 41673438
 41673437
 41673436
 41673435
 41673434
 41673433
 41673432
 41673431
 41673430
 41673429
 41673428
 41673427
 41673426
 41673425
 41673424
 41673423
 41673422
 41673421
 41673420
 41673419
 41673418
 41673417
 41673416
 41673415
 41673414
 41673413
 41673412
 41673411
 41673410
 41673409
 41673408
 41673407
 41673406
 41673405
 41673404
 41673403
 41673402
 41673401
 41673400
 41673399
 41673398
 41673397
 41673396
 41673394
 41673393
 41673392
 41673391
 41673390
 41673389
 41673388
 41673387
 41673386
 41673385
 41673384
 41673383
 41673382
 41673381
 41673380
 41673379
 41673378
 41673377
 41673376
 41673375
 41673374
 41673373
 41673372
 41673371
 41673370
 41673369
 41673368
 41673367
 41673366
 41673365
 41673364
 41673363
 41673362
 41673361
 41673360
 41673359
 41673358
 41673357
 41673356
 41673355
 41673354
 41673353
 41673352
 41673351
 41673350
 41673349
 41673348
 41673347
 41673346
 41673345
 41673344
 41673343
 41673342
 41673341
 41673340
 41673339
 41673338
 41673337
 41673336
 41673335
 41673334
 41673333
 41673332
 41673331
 41673329
 41673328
 41673327
 41673326
 41673325
 41673324
 41673323
 41673322
 41673321
 41673320
 41673319
 41673318
 41673317
 41673316
 41673315
 41673314
 41673313
 41673312
 41673311
 41673310
 41673309
 41673308
 41673307
 41673306
 41673305
 41673303
 41673302
 41673301
 41673300
 41673299
 41673298
 41673297
 41673296
 41673295
 41673294
 41673293
 41673292
 41673291
 41673290
 41673289
 41673288
 41673287
 41673286
 41673285
 41673284
 41673283
 41673282
 41673281
 41673280
 41673279
 41673278
 41673277
 41673276
 41673275
 41673274
 41673273
 41673272
 41673271
 41673270
 41673269
 41673268
 41673267
 41673266
 41673265
 41673264
 41673262
 41673261
 41673260
 41673259
 41673258
 41673257
 41673256
 41673255
 41673254
 41673253
 41673252
 41673251
 41673250
 41673249
 41673248
 41673247
 41673246
 41673245
 41673244
 41673243
 41673242
 41673241
 41673240
 41673239
 41673238
 41673237
 41673236
 41673235
 41673234
 41673233
 41673232
 41673231
 41673230
 41673229
 41673228
 41673227
 41673226
 41673225
 41673224
 41673223
 41673222
 41673220
 41673219
 41673218
 41673217
 41673216
 41673215
 41673214
 41673213
 41673212
 41673211
 41673210
 41673209
 41673208
 41673207
 41673206
 41673205
 41673204
 41673203
 41673202
 41673201
 41673200
 41673199
 41673198
 41673197
 41673196
 41673195
 41673194
 41673193
 41673192
 41673191
 41673190
 41673189
 41673188
 41673187
 41673186
 41673185
 41673184
 41673183
 41673182
 41673181
 41673180
 41673179
 41673178
 41673177
 41673176
 41673175
 41673174
 41673173
 41673172
 41673171
 41673170
 41673169
 41673168
 41673167
 41673166
 41673165
 41673164
 41673163
 41673162
 41673161
 41673160
 41673159
 41673158
 41673157
 41673156
 41673155
 41673154
 41673153
 41673152
 41673151
 41673150
 41673149
 41673148
 41673147
 41673146
 41673145
 41673144
 41673143
 41673142
 41673141
 41673140
 41673139
 41673138
 41673137
 41673136
 41673135
 41673134
 41673133
 41673132
 41673131
 41673130
 41673129
 41673128
 41673127
 41673126
 41673125
 41673124
 41673123
 41673122
 41673121
 41673120
 41673119
 41673118
 41673117
 41673116
 41673115
 41673114
 41673113
 41673112
 41673111
 41673110
 41673109
 41673108
 41673107
 41673106
 41673105
 41673104
 41673103
 41673102
 41673101
 41673100
 41673099
 41673098
 41673097
 41673096
 41673095
 41673094
 41673093
 41673092
 41673091
 41673090
 41673089
 41673088
 41673087
 41673086
 41673085
 41673084
 41673083
 41673082
 41673081
 41673080
 41673079
 41673077
 41673076
 41673075
 41673074
 41673073
 41673071
 41673070
 41673069
 41673068
 41673067
 41673066
 41673065
 41673064
 41673063
 41673062
 41673061
 41673060
 41673059
 41673058
 41673057
 41673056
 41673055
 41673054
 41673053
 41673052
 41673051
 41673049
 41673048
 41673047
 41673046
 41673044
 41673043
 41673042
 41673041
 41673040
 41673039
 41673038
 41673037
 41673036
 41673035
 41673034
 41673033
 41673032
 41673031
 41673030
 41673029
 41673028
 41673027
 41673026
 41673025
 41673024
 41673023
 41673022
 41673021
 41673020
 41673019
 41673018
 41673017
 41673016
 41673015
 41673014
 41673013
 41673012
 41673011
 41673010
 41673009
 41673008
 41673007
 41673006
 41672930
 41672929
 41672928
 41672927
 41672926
 41672925
 41672924
 41672923
 41672922
 41672921
 41672920
 41672919
 41672918
 41672917
 41672916
 41672914
 41672913
 41672912
 41672911
 41672910
 41672909
 41672908
 41672907
 41672906
 41672905
 41672904
 41672903
 41672902
 41672901
 41672900
 41672899
 41672898
 41672897
 41672896
 41672895
 41672894
 41672893
 41672892
 41672891
 41672890
 41672889
 41672888
 41672887
 41672886
 41672885
 41672884
 41672883
 41672882
 41672881
 41672880
 41672879
 41672878
 41672877
 41672876
 41672875
 41672874
 41672873
 41672871
 41672870
 41672869
 41672868
 41672867
 41672866
 41672865
 41672864
 41672863
 41672862
 41672861
 41672860
 41672859
 41672858
 41672857
 41672856
 41672855
 41672854
 41672853
 41672852
 41672851
 41672850
 41672849
 41672848
 41672847
 41672846
 41672845
 41672844
 41672843
 41672842
 41672841
 41672840
 41672839
 41672838
 41672837
 41672836
 41672835
 41672834
 41672833
 41672832
 41672831
 41672830
 41672829
 41672828
 41672827
 41672826
 41672825
 41672824
 41672823
 41672822
 41672821
 41672820
 41672819
 41672818
 41672817
 41672816
 41672815
 41672814
 41672813
 41672812
 41672811
 41672810
 41672809
 41672808
 41672807
 41672806
 41672805
 41672804
 41672803
 41672802
 41672801
 41672800
 41672799
 41672798
 41672797
 41672796
 41672795
 41672794
 41672793
 41672792
 41672791
 41672789
 41672788
 41672787
 41672786
 41672785
 41672784
 41672783
 41672782
 41672781
 41672780
 41672779
 41672778
 41672777
 41672776
 41672775
 41672774
 41672773
 41672772
 41672771
 41672770
 41672769
 41672768
 41672767
 41672766
 41672765
 41672764
 41672763
 41672762
 41672761
 41672760
 41672759
 41672758
 41672757
 41672756
 41672755
 41672754
 41672753
 41672752
 41672751
 41672750
 41672749
 41672748
 41672747
 41672746
 41672745
 41672744
 41672743
 41672742
 41672741
 41672740
 41672739
 41672738
 41672737
 41672736
 41672735
 41672734
 41672733
 41672732
 41672731
 41672730
 41672729
 41672728
 41672727
 41672726
 41672725
 41672723
 41672722
 41672721
 41672720
 41672719
 41672718
 41672717
 41672716
 41672715
 41672714
 41672713
 41672712
 41672711
 41672710
 41672709
 41672708
 41672707
 41672706
 41672705
 41672704
 41672703
 41672702
 41672701
 41672700
 41672699
 41672698
 41672697
 41672696
 41672695
 41672694
 41672693
 41672692
 41672691
 41672690
 41672689
 41672688
 41672687
 41672686
 41672685
 41672684
 41672683
 41672682
 41672681
 41672680
 41672679
 41672678
 41672677
 41672676
 41672675
 41672674
 41672673
 41672672
 41672671
 41672670
 41672669
 41672668
 41672667
 41672666
 41672665
 41672664
 41672663
 41672662
 41672661
 41672660
 41672659
 41672658
 41672657
 41672656
 41672655
 41672654
 41672653
 41672652
 41672651
 41672650
 41672649
 41672648
 41672647
 41672646
 41672645
 41672644
 41672643
 41672642
 41672641
 41672640
 41672639
 41672638
 41672637
 41672636
 41672635
 41672634
 41672633
 41672632
 41672631
 41672630
 41672629
 41672628
 41672627
 41672626
 41672625
 41672624
 41672623
 41672622
 41672621
 41672620
 41672619
 41672618
 41672617
 41672616
 41672615
 41672614
 41672613
 41672612
 41672611
 41672610
 41672609
 41672608
 41672607
 41672606
 41672605
 41672604
 41672603
 41672602
 41672601
 41672600
 41672599
 41672598
 41672597
 41672596
 41672595
 41672594
 41672593
 41672592
 41672591
 41672590
 41672589
 41672588
 41672587
 41672586
 41672585
 41672584
 41672583
 41672582
 41672581
 41672579
 41672578
 41672577
 41672576
 41672575
 41672574
 41672573
 41672572
 41672571
 41672570
 41672569
 41672568
 41672567
 41672566
 41672565
 41672564
 41672563
 41672562
 41672561
 41672560
 41672559
 41672558
 41672557
 41672556
 41672555
 41672554
 41672553
 41672552
 41672551
 41672550
 41672549
 41672548
 41672547
 41672546
 41672545
 41672544
 41672543
 41672542
 41672541
 41672540
 41672539
 41672538
 41672537
 41672536
 41672535
 41672534
 41672533
 41672532
 41672531
 41672530
 41672529
 41672528
 41672527
 41672526
 41672525
 41672524
 41672523
 41672522
 41672521
 41672520
 41672519
 41672518
 41672517
 41672516
 41672515
 41672514
 41672513
 41672512
 41672511
 41672510
 41672509
 41672508
 41672507
 41672506
 41672505
 41672504
 41672503
 41672502
 41672501
 41672500
 41672499
 41672498
 41672497
 41672496
 41672495
 41672494
 41672493
 41672492
 41672491
 41672490
 41672489
 41672488
 41672487
 41672486
 41672485
 41672484
 41672483
 41672482
 41672481
 41672480
 41672479
 41672478
 41672477
 41672476
 41672475
 41672474
 41672473
 41672472
 41672471
 41672470
 41672469
 41672468
 41672467
 41672466
 41672465
 41672464
 41672463
 41672462
 41672461
 41672460
 41672459
 41672458
 41672457
 41672456
 41672455
 41672454
 41672453
 41672452
 41672450
 41672449
 41672448
 41672447
 41672446
 41672445
 41672444
 41672443
 41672442
 41672441
 41672440
 41672439
 41672438
 41672437
 41672436
 41672435
 41672434
 41672433
 41672432
 41672431
 41672430
 41672429
 41672428
 41672427
 41672426
 41672425
 41672424
 41672423
 41672422
 41672421
 41672420
 41672419
 41672418
 41672417
 41672416
 41672415
 41672414
 41672413
 41672412
 41672411
 41672410
 41672409
 41672408
 41672407
 41672406
 41672405
 41672404
 41672403
 41672402
 41672401
 41672400
 41672399
 41672398
 41672397
 41672396
 41672395
 41672394
 41672393
 41672392
 41672391
 41672390
 41672389
 41672388
 41672387
 41672386
 41672385
 41672384
 41672383
 41672382
 41672381
 41672380
 41672379
 41672378
 41672363
 41672362
 41672361
 41672360
 41672359
 41672358
 41672357
 41672356
 41672355
 41672354
 41672353
 41672352
 41672351
 41672350
 41672349
 41672348
 41672347
 41672346
 41672345
 41672344
 41672343
 41672342
 41672341
 41672340
 41672339
 41672338
 41672337
 41672336
 41672335
 41672334
 41672333
 41672332
 41672331
 41672330
 41672329
 41672328
 41672327
 41672326
 41672325
 41672324
 41672323
 41672322
 41672321
 41672320
 41672319
 41672318
 41672317
 41672316
 41672315
 41672314
 41672313
 41672312
 41672311
 41672310
 41672309
 41672308
 41672307
 41672306
 41672305
 41672304
 41672303
 41672302
 41672301
 41672300
 41672299
 41672298
 41672297
 41672296
 41672295
 41672294
 41672293
 41672292
 41672291
 41672290
 41672289
 41672288
 41672287
 41672286
 41672285
 41672284
 41672283
 41672282
 41672281
 41672280
 41672279
 41672278
 41672277
 41672276
 41672275
 41672274
 41672273
 41672272
 41672271
 41672270
 41672269
 41672268
 41672267
 41672266
 41672265
 41672264
 41672263
 41672262
 41672261
 41672260
 41672259
 41672258
 41672257
 41672256
 41672255
 41672254
 41672253
 41672252
 41672251
 41672250
 41672249
 41672248
 41672247
 41672246
 41672245
 41672244
 41672243
 41672242
 41672241
 41672240
 41672239
 41672238
 41672237
 41672236
 41672235
 41672234
 41672233
 41672232
 41672231
 41672230
 41672229
 41672228
 41672227
 41672226
 41672225
 41672224
 41672223
 41672222
 41672221
 41672220
 41672219
 41672218
 41672217
 41672216
 41672215
 41672214
 41672213
 41672212
 41672211
 41672210
 41672209
 41672208
 41672207
 41672206
 41672205
 41672204
 41672203
 41672202
 41672201
 41672200
 41672199
 41672198
 41672197
 41672196
 41672195
 41672194
 41672193
 41672192
 41672191
 41672190
 41672189
 41672188
 41672187
 41672186
 41672185
 41672184
 41672183
 41672182
 41672181
 41672180
 41672179
 41672178
 41672177
 41672176
 41672175
 41672174
 41672173
 41672172
 41672171
 41672170
 41672169
 41672168
 41672167
 41672166
 41672165
 41672164
 41672163
 41672162
 41672161
 41672160
 41672159
 41672158
 41672157
 41672156
 41672155
 41672154
 41672153
 41672152
 41672151
 41672150
 41672149
 41672148
 41672147
 41672146
 41672145
 41672144
 41672143
 41672142
 41672141
 41672140
 41672139
 41672138
 41672137
 41672136
 41672135
 41672134
 41672133
 41672132
 41672131
 41672130
 41672129
 41672128
 41672127
 41672126
 41672125
 41672124
 41672123
 41672122
 41672121
 41672120
 41672119
 41672118
 41672117
 41672116
 41672115
 41672114
 41672113
 41672112
 41672111
 41672110
 41672109
 41672108
 41672107
 41672106
 41672105
 41672104
 41672103
 41672102
 41672101
 41672100
 41672099
 41672098
 41672097
 41672096
 41672095
 41672094
 41672093
 41672092
 41672091
 41672089
 41672088
 41672087
 41672086
 41672085
 41672084
 41672083
 41672082
 41672081
 41672080
 41672079
 41672078
 41672077
 41672076
 41672075
 41672074
 41672073
 41672072
 41672071
 41672070
 41672069
 41672068
 41672067
 41672066
 41672065
 41672064
 41672063
 41672062
 41672061
 41672060
 41672059
 41672058
 41672057
 41672056
 41672055
 41672054
 41672053
 41672052
 41672051
 41672050
 41672049
 41672048
 41672047
 41672046
 41672045
 41672044
 41672043
 41672042
 41672041
 41672040
 41672039
 41672038
 41672036
 41672035
 41672034
 41672033
 41672032
 41672031
 41672030
 41672029
 41672028
 41672027
 41672026
 41672025
 41672024
 41672023
 41672022
 41672021
 41672020
 41672019
 41672018
 41672017
 41672016
 41672015
 41672014
 41672013
 41672012
 41672011
 41672010
 41672009
 41672008
 41672007
 41672006
 41672005
 41672004
 41672003
 41672002
 41672001
 41672000
 41671999
 41671998
 41671997
 41671996
 41671995
 41671994
 41671993
 41671992
 41671991
 41671990
 41671989
 41671988
 41671987
 41671986
 41671985
 41671984
 41671983
 41671982
 41671981
 41671980
 41671979
 41671978
 41671977
 41671976
 41671975
 41671974
 41671973
 41671972
 41671971
 41671970
 41671969
 41671968
 41671967
 41671966
 41671965
 41671964
 41671963
 41671962
 41671961
 41671960
 41671959
 41671958
 41671957
 41671956
 41671955
 41671954
 41671953
 41671952
 41671951
 41671950
 41671949
 41671948
 41671947
 41671946
 41671945
 41671944
 41671943
 41671942
 41671941
 41671940
 41671939
 41671938
 41671937
 41671936
 41671935
 41671934
 41671933
 41671932
 41671931
 41671930
 41671929
 41671928
 41671927
 41671926
 41671925
 41671924
 41671923
 41671922
 41671921
 41671920
 41671919
 41671918
 41671917
 41671916
 41671915
 41671914
 41671913
 41671912
 41671911
 41671910
 41671909
 41671908
 41671907
 41671906
 41671905
 41671904
 41671903
 41671902
 41671901
 41671900
 41671899
 41671898
 41671897
 41671896
 41671895
 41671894
 41671893
 41671892
 41671891
 41671890
 41671889
 41671888
 41671887
 41671886
 41671885
 41671884
 41671883
 41671882
 41671881
 41671880
 41671879
 41671878
 41671877
 41671876
 41671875
 41671874
 41671873
 41671872
 41671871
 41671870
 41671869
 41671868
 41671867
 41671866
 41671865
 41671864
 41671863
 41671862
 41671861
 41671860
 41671859
 41671858
 41671857
 41671856
 41671855
 41671854
 41671853
 41671852
 41671851
 41671850
 41671849
 41671848
 41671847
 41671846
 41671845
 41671844
 41671843
 41671842
 41671841
 41671840
 41671839
 41671838
 41671837
 41671836
 41671835
 41671834
 41671833
 41671832
 41671831
 41671830
 41671829
 41671828
 41671827
 41671826
 41671825
 41671824
 41671823
 41671822
 41671821
 41671820
 41671819
 41671818
 41671817
 41671816
 41671815
 41671814
 41671813
 41671812
 41671811
 41671810
 41671809
 41671808
 41671807
 41671806
 41671805
 41671804
 41671803
 41671802
 41671801
 41671800
 41671799
 41671798
 41671797
 41671796
 41671795
 41671794
 41671793
 41671792
 41671791
 41671790
 41671789
 41671788
 41671787
 41671786
 41671785
 41671784
 41671783
 41671782
 41671781
 41671780
 41671779
 41671778
 41671777
 41671776
 41671775
 41671774
 41671773
 41671772
 41671771
 41671770
 41671769
 41671768
 41671767
 41671766
 41671765
 41671764
 41671763
 41671762
 41671761
 41671760
 41671759
 41671758
 41671757
 41671756
 41671755
 41671754
 41671753
 41671752
 41671751
 41671750
 41671749
 41671748
 41671747
 41671746
 41671745
 41671744
 41671743
 41671742
 41671741
 41671740
 41671739
 41671738
 41671737
 41671736
 41671735
 41671734
 41671733
 41671732
 41671731
 41671730
 41671729
 41671728
 41671727
 41671726
 41671725
 41671724
 41671723
 41671722
 41671721
 41671720
 41671719
 41671718
 41671717
 41671716
 41671714
 41671713
 41671712
 41671711
 41671710
 41671709
 41671708
 41671707
 41671706
 41671705
 41671704
 41671703
 41671702
 41671701
 41671700
 41671699
 41671698
 41671697
 41671696
 41671695
 41671694
 41671693
 41671692
 41671691
 41671690
 41671689
 41671688
 41671687
 41671686
 41671685
 41671684
 41671683
 41671682
 41671681
 41671680
 41671679
 41671678
 41671677
 41671676
 41671675
 41671674
 41671673
 41671672
 41671671
 41671670
 41671669
 41671668
 41671667
 41671666
 41671665
 41671664
 41671663
 41671662
 41671661
 41671660
 41671659
 41671658
 41671657
 41671656
 41671655
 41671654
 41671653
 41671652
 41671651
 41671650
 41671649
 41671648
 41671647
 41671646
 41671645
 41671644
 41671643
 41671642
 41671641
 41671640
 41671639
 41671638
 41671637
 41671636
 41671635
 41671634
 41671633
 41671632
 41671631
 41671630
 41671629
 41671628
 41671627
 41671626
 41671625
 41671624
 41671623
 41671622
 41671621
 41671620
 41671619
 41671618
 41671617
 41671616
 41671615
 41671614
 41671613
 41671612
 41671611
 41671610
 41671609
 41671608
 41671607
 41671606
 41671605
 41671604
 41671603
 41671602
 41671600
 41671599
 41671598
 41671597
 41671596
 41671595
 41671594
 41671593
 41671592
 41671591
 41671590
 41671589
 41671588
 41671587
 41671586
 41671585
 41671584
 41671583
 41671582
 41671581
 41671580
 41671579
 41671578
 41671576
 41671575
 41671574
 41671573
 41671572
 41671571
 41671570
 41671569
 41671568
 41671567
 41671566
 41671565
 41671564
 41671563
 41671562
 41671561
